65 1
66 1
67 1
68 1
69 1
140 2
141 2
142 2
153 2
154 2
227 3
228 3
229 3
230 3
231 3
232 3
233 3
234 3
235 3
236 3
237 3
238 3
239 3
240 3
241 3
242 3
243 3
244 3
245 3
246 3
247 3
248 3
249 3
250 3
251 3
252 3
253 3
254 3
255 3
256 3
257 3
258 3
259 3
260 3
261 3
262 3
263 3
264 3
265 3
266 3
267 3
268 3
269 3
270 3
271 3
272 3
273 3
274 3
275 3
276 3
277 3
278 3
279 3
280 3
281 3
282 3
283 3
284 3
285 3
286 3
287 3
288 3
289 3
290 3
291 3
292 3
293 3
294 3
295 3
296 3
297 3
298 3
299 3
300 3
301 3
302 3
303 3
304 3
305 3
306 3
307 3
308 3
309 3
310 3
311 3
312 3
313 3
314 3
315 3
316 3
317 3
318 3
319 3
320 3
321 3
322 3
323 3
324 3
325 3
326 3
327 3
328 3
329 3
330 3
331 3
332 3
333 3
334 3
335 3
336 3
337 3
338 3
339 3
340 3
341 3
342 3
343 3
344 3
345 3
346 3
347 3
348 3
349 3
350 3
351 3
352 3
353 3
354 3
355 3
356 3
357 3
358 3
359 3
360 3
361 3
362 3
363 3
364 3
365 3
366 3
367 3
368 3
369 3
370 3
371 3
372 3
373 3
652 5
653 5
654 5
655 5
660 5
661 5
665 5
666 5
667 5
668 5
669 5
670 5
671 5
672 5
673 5
674 5
675 5
676 5
677 5
678 5
679 5
680 5
681 5
682 5
683 5
684 5
685 5
686 5
687 5
688 5
689 5
690 5
691 5
692 5
693 5
694 5
695 5
696 5
697 5
698 5
699 5
700 5
701 5
702 5
703 5
704 5
705 5
706 5
707 5
708 5
709 5
710 5
711 5
712 5
713 5
714 5
715 5
716 5
717 5
718 5
719 5
720 5
721 5
722 5
723 5
724 5
725 5
726 5
727 5
728 5
729 5
730 5
731 5
732 5
733 5
734 5
735 5
736 5
737 5
738 5
739 5
740 5
741 5
742 5
743 5
744 5
745 5
746 5
747 5
748 5
749 5
750 5
751 5
752 5
753 5
754 5
755 5
756 5
757 5
758 5
759 5
760 5
761 5
762 5
763 5
764 5
765 5
766 5
767 5
768 5
769 5
770 5
771 5
772 5
773 5
774 5
775 5
776 5
777 5
778 5
779 5
780 5
781 5
782 5
783 5
784 5
785 5
786 5
787 5
788 5
789 5
790 5
791 5
792 5
793 5
794 5
795 5
796 5
797 5
798 5
799 5
800 5
801 5
802 5
803 5
804 5
805 5
806 5
807 5
808 5
809 5
810 5
811 5
812 5
813 5
814 5
815 5
816 5
817 5
818 5
819 5
820 5
821 5
822 5
823 5
824 5
825 5
826 5
827 5
828 5
829 5
830 5
831 5
832 5
833 5
834 5
835 5
836 5
837 5
838 5
839 5
840 5
841 5
842 5
843 5
844 5
845 5
846 5
847 5
848 5
849 5
850 5
851 5
852 5
853 5
854 5
855 5
856 5
857 5
858 5
859 5
860 5
861 5
862 5
863 5
864 5
865 5
866 5
867 5
868 5
869 5
870 5
871 5
872 5
873 5
874 5
875 5
876 5
877 5
878 5
879 5
880 5
881 5
882 5
883 5
884 5
885 5
886 5
887 5
888 5
889 5
890 5
891 5
892 5
893 5
894 5
895 5
896 5
897 5
898 5
899 5
900 5
901 5
902 5
903 5
904 5
905 5
906 5
907 5
908 5
909 5
910 5
911 5
912 5
913 5
914 5
915 5
916 5
917 5
918 5
919 5
920 5
921 5
922 5
923 5
924 5
925 5
926 5
927 5
928 5
929 5
930 5
931 5
932 5
933 5
934 5
935 5
936 5
937 5
938 5
939 5
940 5
941 5
942 5
943 5
944 5
945 5
946 5
947 5
948 5
949 5
950 5
951 5
952 5
953 5
954 5
955 5
956 5
957 5
958 5
1043 7
1044 7
1045 7
1046 7
1047 7
1048 7
1049 7
1051 7
1052 7
1054 7
1055 7
1159 10
1262 11
1263 11
1264 11
1269 11
1270 11
1271 11
1272 11
1273 11
1274 11
1275 11
1276 11
1278 11
1279 11
1296 11
1300 11
1301 11
1302 11
1303 11
1304 11
1305 11
1306 11
1307 11
1308 11
1309 11
1310 11
1311 11
1312 11
1516 15
1517 15
1518 15
1519 15
1520 15
1521 15
1522 15
1523 15
1526 15
1528 15
1529 15
1530 15
1531 15
1532 15
1533 15
1534 15
1535 15
1536 15
1537 15
1538 15
1539 15
1540 15
1550 15
1551 15
1552 15
1553 15
1554 15
1555 15
1556 15
1557 15
1558 15
1572 15
1573 15
1574 15
2043 16
2044 16
2045 16
2046 16
2047 16
2048 16
2049 16
2050 16
2051 16
2052 16
2060 16
2061 16
2062 16
2063 16
2064 16
2065 16
2066 16
2067 16
2068 16
2069 16
2070 16
2071 16
2072 16
2073 16
2074 16
2075 16
2076 16
2077 16
2078 16
2079 16
2080 16
2086 16
2087 16
2088 16
2089 16
2090 16
2091 16
2092 16
2102 16
2103 16
2104 16
2355 18
2356 18
2357 18
2358 18
2359 18
2360 18
2685 19
2686 19
2687 19
2688 19
2689 19
2690 19
2691 19
2692 19
2693 19
2694 19
2695 19
2696 19
3851 29
3852 29
3853 29
3854 29
3855 29
3856 29
3857 29
3858 29
3859 29
3860 29
3861 29
3862 29
3863 29
3892 29
3894 29
3895 29
3896 29
3897 29
3898 29
3899 29
3900 29
3901 29
3902 29
3903 29
3904 29
3905 29
3906 29
3907 29
3908 29
3909 29
3910 29
3911 29
3912 29
3913 29
3914 29
3915 29
3916 29
3917 29
3918 29
3919 29
3920 29
3921 29
3922 29
3923 29
3924 29
3925 29
3926 29
3927 29
3928 29
3929 29
3930 29
3931 29
3932 29
3933 29
3934 29
3935 29
3936 29
3937 29
3938 29
3939 29
3940 29
3941 29
3942 29
3943 29
3944 29
3945 29
3946 29
3947 29
3948 29
3949 29
3950 29
3951 29
3952 29
3953 29
3954 29
3955 29
3956 29
3957 29
3958 29
3959 29
3960 29
3961 29
3962 29
3963 29
3964 29
3965 29
3966 29
3967 29
3968 29
3969 29
3970 29
3971 29
3972 29
3973 29
3974 29
3975 29
3976 29
3977 29
3978 29
3979 29
3980 29
3981 29
3982 29
3983 29
3984 29
3985 29
3986 29
3987 29
3988 29
3989 29
3990 29
3991 29
3992 29
3993 29
3994 29
3995 29
3996 29
3997 29
3998 29
3999 29
4000 29
4001 29
4002 29
4003 29
4004 29
4005 29
4006 29
4007 29
4008 29
4009 29
4010 29
4011 29
4012 29
4013 29
4014 29
4015 29
4016 29
4017 29
4018 29
4019 29
4020 29
4021 29
4022 29
4023 29
4024 29
4025 29
4109 33
4111 33
4112 33
4134 33
4135 33
4136 33
4137 33
4138 33
4139 33
4140 33
4141 33
4142 33
4143 33
4144 33
4145 33
4146 33
4147 33
4148 33
4149 33
4150 33
4211 34
4218 34
4248 34
4251 34
4257 34
4258 34
4259 34
4260 34
4261 34
4262 34
4263 34
4264 34
4265 34
4266 34
4281 34
4282 34
4283 34
4284 34
4285 34
4286 34
4287 34
4288 34
4289 34
4290 34
4291 34
4292 34
4293 34
4294 34
4295 34
4296 34
4297 34
4298 34
4299 34
4300 34
4301 34
4302 34
4303 34
4304 34
4305 34
4311 34
4312 34
4750 36
4751 36
4752 36
4753 36
4754 36
4755 36
4756 36
4757 36
4758 36
4759 36
4760 36
4761 36
4762 36
4763 36
4764 36
4765 36
4766 36
5088 42
5113 42
5114 42
5373 43
5374 43
5375 43
5382 43
5383 43
5384 43
5385 43
5386 43
5387 43
5388 43
5389 43
5390 43
5390 45
5391 43
5391 45
5392 43
5392 45
5393 43
5394 43
5395 43
5396 43
5397 43
5398 43
5399 43
5400 43
5401 43
5402 43
5403 43
5404 43
5405 43
5406 43
5407 43
5408 43
5409 43
5410 43
5410 45
5411 43
5411 45
5412 43
5412 45
5413 43
5413 45
5414 43
5414 45
5415 43
5415 45
5416 43
5416 45
5417 43
5417 45
5418 43
5418 45
5419 43
5419 45
5420 43
5420 45
5421 43
5421 45
5422 43
5422 45
5423 43
5424 45
5425 45
5426 45
5427 45
5428 45
5429 45
5430 45
5431 45
5432 45
5433 45
5434 45
5435 45
5436 45
5437 45
5438 45
5439 45
5440 45
5441 45
5442 45
5443 45
5444 45
5445 45
5446 45
5447 45
5448 45
5449 45
5450 45
5451 45
5452 45
5453 45
5454 45
5455 45
5456 45
5457 45
5458 45
5459 45
5460 45
5461 45
5462 45
5463 45
5464 45
5465 45
5466 45
5467 45
5468 45
5469 45
5470 45
5471 45
5472 45
5484 45
5485 45
5486 45
5546 48
5547 48
5548 48
5549 48
5550 48
5551 48
5552 48
5553 48
5554 48
5555 48
5556 48
5557 48
5558 48
5559 48
5560 48
5561 48
5562 48
5563 48
5564 48
5565 48
5566 48
5567 48
5590 48
5591 48
5592 48
5593 48
5594 48
5595 48
5596 48
5597 48
5598 48
5599 48
5600 48
5601 48
5602 48
5603 48
5604 48
5605 48
5606 48
5607 48
5608 48
5609 48
5610 48
5611 48
5612 48
5613 48
5614 48
5615 48
5616 48
5617 48
5618 48
5619 48
5620 48
5621 48
5621 49
5622 48
5622 49
5623 48
5623 49
5624 48
5624 49
5625 48
5625 49
5626 48
5626 49
5627 48
5627 49
5628 48
5628 49
5629 48
5629 49
5630 48
5630 49
5631 48
5631 49
5632 48
5632 49
5633 48
5633 49
5634 48
5634 49
5635 48
5635 49
5636 48
5636 49
5637 48
5637 49
5638 48
5638 49
5639 48
5639 49
5640 48
5640 49
5641 48
5641 49
5642 48
5642 49
5643 48
5643 49
5644 48
5644 49
5645 48
5645 49
5646 48
5646 49
5647 48
5647 49
5648 48
5648 49
5649 48
5650 49
5651 49
5709 50
5710 50
5711 50
5712 50
5713 50
5718 50
5719 50
5720 50
5721 50
5722 50
5723 50
5724 50
5725 50
5726 50
5727 50
5728 50
5729 50
5730 50
5731 50
5732 50
5733 50
5734 50
5735 50
5736 50
5737 50
5738 50
5739 50
5740 50
5741 50
5742 50
5743 50
5744 50
5745 50
5746 50
5747 50
5748 50
5749 50
5750 50
5751 50
5752 50
5753 50
5754 50
5755 50
5756 50
5757 50
5758 50
5759 50
5760 50
5761 50
5762 50
5763 50
5764 50
5765 50
5766 50
5790 50
5791 50
5792 50
5793 50
5794 50
5795 50
5796 50
5797 50
5798 50
5799 50
5800 50
5801 50
5802 50
5803 50
5804 50
5806 50
5939 52
5940 52
5942 53
5943 53
5944 53
5945 53
5946 53
5947 53
5948 53
5949 53
5950 53
5951 53
5952 53
5953 53
5954 53
5955 53
5956 53
5957 53
5958 53
5959 53
6171 54
6172 54
6173 54
6174 54
6175 54
6176 54
6177 54
6215 57
6216 57
6217 57
6218 57
6219 57
6220 57
6221 57
6227 57
6237 57
6238 57
6239 57
6240 57
6590 60
6591 60
6592 60
6593 60
6594 60
6595 60
6596 60
6597 60
6598 60
6599 60
6600 60
6601 60
6602 60
6603 60
6604 60
6605 60
6606 60
6607 60
6608 60
6609 60
6610 60
6611 60
6612 60
6612 61
6613 60
6613 61
6614 60
6614 61
6615 60
6615 61
6616 60
6616 61
6617 60
6617 61
6618 60
6619 60
6619 61
6620 60
6620 61
6621 60
6621 61
6622 60
6622 61
6623 60
6623 61
6624 60
6624 61
6625 60
6625 61
6626 60
6626 61
6627 60
6627 61
6628 60
6628 61
6629 60
6629 61
6630 60
6630 61
6631 60
6631 61
6632 60
6632 61
6633 60
6633 61
6634 60
6634 61
6635 60
6635 61
6636 60
6636 61
6637 60
6637 61
6638 60
6638 61
6639 60
6639 61
6640 60
6640 61
6641 60
6641 61
6642 60
6643 60
6643 61
6644 60
6644 61
6645 60
6645 61
6646 60
6646 61
6647 60
6647 61
6648 60
6649 60
6650 60
6650 61
6651 60
6652 60
6653 60
6654 60
6655 60
6656 60
6657 60
6658 60
6659 60
6660 60
6704 62
6797 63
6798 63
6799 63
6800 63
6813 63
6814 63
6815 63
6816 63
6816 64
6817 63
6817 64
6818 63
6818 64
6819 63
6820 63
6821 63
6822 63
6823 63
6824 63
6825 63
6826 63
6827 63
6828 63
6829 63
6830 63
6831 63
6832 63
6833 63
6834 63
6835 63
6836 63
6837 63
6838 63
6839 63
6840 63
6841 63
6842 63
6843 63
6844 63
6845 63
6846 63
6847 63
6848 63
6849 63
6850 63
6851 63
6852 63
6853 63
6854 63
6855 63
6856 63
6857 63
6858 63
6859 63
6860 63
6861 63
6862 63
6863 63
6864 63
6865 63
6866 63
6867 63
6868 63
6869 63
6870 63
6871 63
6872 63
6873 63
6874 63
6875 63
6876 63
6877 63
6878 63
6879 63
6880 63
6881 63
6882 63
6883 63
6884 63
6885 63
6886 63
6887 63
6888 63
6889 63
6890 63
6891 63
6892 63
6893 63
6894 63
6895 63
6896 63
6897 63
6898 63
6899 63
6900 63
6901 63
6902 63
6903 63
6904 63
6905 63
6906 63
6907 63
6908 63
6909 63
6910 63
6911 63
6912 63
6913 63
6914 63
6915 63
6916 63
6917 63
6918 63
6919 63
6920 63
6921 63
6922 63
6923 63
6924 63
6925 63
6926 63
6927 63
6928 63
6929 63
6930 63
6931 63
6932 63
6933 63
6934 63
6935 63
6936 63
6937 63
6938 63
6939 63
6940 63
6941 63
6942 63
6943 63
6944 63
6945 63
6946 63
6947 63
6948 63
6949 63
6950 63
6951 63
6952 63
6953 63
6954 63
6955 63
6956 63
6957 63
6958 63
6959 63
6960 63
6961 63
6962 63
6963 63
6964 63
6965 63
6966 63
6967 63
6968 63
6969 63
6970 63
6971 63
6972 63
6973 63
6974 63
6975 63
6976 63
6977 63
6978 63
6979 63
6980 63
6981 63
6982 63
6983 63
6984 63
6985 63
6986 63
6987 63
6988 63
6989 63
6990 63
6991 63
6992 63
6993 63
6994 63
6995 63
6996 63
6997 63
6998 63
6999 63
7000 63
7001 63
7002 63
7003 63
7004 63
7005 63
7006 63
7007 63
7008 63
7009 63
7010 63
7011 63
7012 63
7013 63
7014 63
7015 63
7016 63
7017 63
7018 63
7019 63
7020 63
7021 63
7022 63
7023 63
7024 63
7025 63
7026 63
7027 63
7028 63
7029 63
7030 63
7031 63
7032 63
7033 63
7034 63
7035 63
7036 63
7037 63
7038 63
7039 63
7040 63
7041 63
7042 63
7043 63
7044 63
7049 63
7050 63
7051 63
7052 63
7053 63
7054 63
7058 63
7059 63
7060 63
7061 63
7062 63
7063 63
7284 65
7285 65
7286 65
7287 65
7288 65
7289 65
7290 65
7653 68
7655 68
7871 69
7875 69
7876 69
7877 69
7878 69
7880 69
7881 69
7882 69
7883 69
7885 69
7938 70
7939 70
7940 70
7941 70
7942 70
7943 70
7944 70
7945 70
8119 71
8120 71
8121 71
8122 71
8123 71
8124 71
8125 71
8150 71
8151 71
8152 71
8153 71
8154 71
8155 71
8156 71
8157 71
8158 71
8159 71
8160 71
8161 71
8162 71
8163 71
8164 71
8165 71
8166 71
8167 71
8168 71
8169 71
8170 71
8171 71
8172 71
8174 71
8176 71
8177 71
8178 71
8179 71
8185 71
8189 71
8190 71
8191 71
8192 71
8193 71
8194 71
8195 71
8196 71
8197 71
8198 71
8199 71
8200 71
8201 71
8202 71
8203 71
8204 71
8205 71
8206 71
8207 71
8208 71
8209 71
8210 71
8211 71
8212 71
8213 71
8214 71
8215 71
8216 71
8217 71
8218 71
8219 71
8220 71
8221 71
8222 71
8223 71
8224 71
8225 71
8226 71
8227 71
8228 71
8229 71
8230 71
8231 71
8232 71
8233 71
8234 71
8235 71
8236 71
8237 71
8238 71
8239 71
8240 71
8241 71
8242 71
8243 71
8244 71
8245 71
8246 71
8368 75
8369 75
8370 75
8371 75
8372 75
8373 75
8374 75
8375 75
8376 75
8377 75
8378 75
8379 75
8380 75
8381 75
8382 75
8383 75
8384 75
8385 75
8386 75
8387 75
8388 75
8389 75
8390 75
8391 75
8392 75
8393 75
8394 75
8395 75
8396 75
8397 75
8398 75
8399 75
8400 75
8401 75
8402 75
8403 75
8404 75
8405 75
8406 75
8407 75
8408 75
8409 75
8410 75
8411 75
8412 75
8413 75
8414 75
8415 75
8416 75
8417 75
8418 75
8419 75
8420 75
8421 75
8422 75
8423 75
8424 75
9325 79
9834 80
9835 80
9836 80
9837 80
9838 80
9839 80
9840 80
9841 80
9842 80
10254 81
10307 82
10308 82
10309 82
10310 82
10311 82
10312 82
10316 82
10317 82
10318 82
10321 82
10322 82
10323 82
10324 82
10325 82
10332 82
10333 82
10334 82
10335 82
10336 82
10337 82
10338 82
10339 82
10340 82
10341 82
10343 82
10344 82
10345 82
10346 82
10347 82
10351 82
11334 84
11335 84
11336 84
11337 84
11338 84
11339 84
11340 84
11341 84
11342 84
11463 86
11464 86
11465 86
11466 86
11467 86
11468 86
11477 86
11479 86
11754 88
12886 89
12887 89
12888 89
12889 89
12890 89
12891 89
12952 91
12953 91
12954 91
12955 91
12956 91
12957 91
12958 91
12959 91
12960 91
12962 91
12964 91
12965 91
12966 91
12967 91
12968 91
12969 91
12970 91
12971 91
12972 91
12973 91
12974 91
12975 91
12976 91
12977 91
12978 91
12979 91
12980 91
12981 91
12982 91
12983 91
12984 91
12985 91
12986 91
12987 91
12988 91
12989 91
12990 91
12991 91
12992 91
12993 91
12994 91
12995 91
12996 91
12997 91
12998 91
12999 91
13000 91
13001 91
13002 91
13003 91
13004 91
13005 91
13006 91
13007 91
13008 91
13009 91
13238 92
13319 93
13320 93
13321 93
13322 93
13328 94
14199 96
14200 96
14271 97
14272 97
14273 97
14274 97
14275 97
14276 97
14277 97
14278 97
14279 97
14280 97
14281 97
14282 97
14283 97
14284 97
14285 97
14286 97
14287 97
14288 97
14289 97
14290 97
14291 97
14292 97
14293 97
14294 97
14295 97
14296 97
14297 97
14299 97
14300 97
14301 97
14302 97
14303 97
14304 97
14305 97
14306 97
14307 97
14308 97
14309 97
14310 97
14311 97
14312 97
14313 97
14314 97
14315 97
14316 97
14317 97
14318 97
14319 97
14320 97
14321 97
14322 97
14323 97
14324 97
14325 97
14326 97
14327 97
14328 97
14329 97
14330 97
14331 97
14394 100
14395 100
14396 100
14397 100
14398 100
14399 100
14439 101
14440 101
14441 101
14442 101
14448 101
14449 101
14450 101
14452 101
14453 101
14458 101
14459 101
14460 101
14463 101
14466 101
14467 101
14468 101
14469 101
14470 101
14473 101
14474 101
14475 101
14476 101
14477 101
15114 104
15119 104
15121 104
15122 104
15123 104
15124 104
15125 104
15126 104
15127 104
15128 104
15129 104
15130 104
15131 104
15132 104
15133 104
15134 104
15135 104
15136 104
15137 104
15138 104
15139 104
15140 104
15141 104
15142 104
15143 104
15144 104
15145 104
15146 104
15147 104
15148 104
15149 104
15150 104
15151 104
15152 104
15153 104
15154 104
15155 104
15156 104
15157 104
15158 104
15159 104
15160 104
15161 104
15162 104
15163 104
15164 104
15165 104
15166 104
15167 104
15168 104
15169 104
15170 104
15171 104
15172 104
15173 104
15174 104
15175 104
15176 104
15177 104
15178 104
15179 104
15180 104
15181 104
15182 104
15183 104
15184 104
15185 104
15186 104
15187 104
15188 104
15189 104
15190 104
15191 104
15192 104
15193 104
15194 104
15195 104
15196 104
15197 104
15198 104
15199 104
15200 104
15201 104
15202 104
15203 104
15204 104
15205 104
15206 104
15207 104
15208 104
15209 104
15210 104
15211 104
15212 104
15213 104
15214 104
15215 104
15216 104
15217 104
15218 104
15219 104
15220 104
15221 104
15222 104
15223 104
15224 104
15225 104
15226 104
15227 104
15228 104
15229 104
15230 104
15231 104
15232 104
15233 104
15234 104
15235 104
15236 104
15237 104
15238 104
15239 104
15240 104
15241 104
15242 104
15243 104
15244 104
15245 104
15246 104
15247 104
15248 104
15249 104
15250 104
15251 104
15252 104
15253 104
15254 104
15255 104
15256 104
15257 104
15258 104
15259 104
15260 104
15261 104
15262 104
15263 104
15264 104
15265 104
15266 104
15267 104
15268 104
15269 104
15270 104
15271 104
15272 104
15273 104
15274 104
15275 104
15276 104
15277 104
15278 104
15279 104
15280 104
15281 104
15282 104
15283 104
15284 104
15285 104
15286 104
15287 104
15288 104
15289 104
15290 104
15291 104
15292 104
15293 104
15294 104
15295 104
15297 104
15298 104
15299 104
15300 104
15301 104
15302 104
15303 104
15304 104
15305 104
15306 104
15307 104
15308 104
15309 104
15310 104
15311 104
15312 104
15313 104
15314 104
15315 104
15316 104
15317 104
15318 104
15319 104
15320 104
15321 104
15322 104
15323 104
15324 104
15325 104
15326 104
15327 104
15328 104
15329 104
15330 104
15331 104
15332 104
15333 104
15334 104
15335 104
15336 104
15337 104
15338 104
15339 104
15340 104
15341 104
15342 104
15343 104
15344 104
15345 104
15346 104
15347 104
15348 104
15349 104
15350 104
15351 104
15352 104
15353 104
15354 104
15355 104
15356 104
15357 104
15358 104
15359 104
15360 104
15361 104
15362 104
15363 104
15364 104
15365 104
15366 104
15367 104
15368 104
15369 104
15370 104
15371 104
15372 104
15373 104
15374 104
15375 104
15376 104
15377 104
15378 104
15384 104
15385 104
15421 105
15422 105
15423 105
15424 105
15425 105
15426 105
15427 105
15428 105
15429 105
15430 105
15431 105
15432 105
15433 105
15434 105
15435 105
15436 105
15437 105
15438 105
15439 105
15440 105
15441 105
15442 105
15443 105
15444 105
15445 105
15446 105
15447 105
15448 105
15449 105
15450 105
15451 105
15452 105
15453 105
15454 105
15466 105
15467 105
15468 105
15469 105
15470 105
15471 105
15472 105
15473 105
15474 105
15677 108
15682 108
15683 108
15684 108
15685 108
15700 108
15701 108
15702 108
15703 108
15704 108
15705 108
15706 108
15707 108
15708 108
15709 108
16461 109
16462 109
16653 113
16654 113
16655 113
16690 114
16691 114
16692 114
16696 114
16697 114
16698 114
16699 114
16700 114
16701 114
16702 114
16703 114
16704 114
16705 114
16706 114
16707 114
16708 114
16709 114
16710 114
16711 114
16712 114
16713 114
16714 114
16715 114
16724 114
16725 114
16774 117
16775 117
16776 117
16781 117
16899 118
16900 118
16901 118
17108 119
17109 119
17110 119
17111 119
17112 119
17113 119
17114 119
17115 119
17126 119
17127 119
17128 119
17129 119
17130 119
17131 119
17132 119
17133 119
17134 119
17135 119
17136 119
17137 119
17138 119
17139 119
17140 119
17141 119
17142 119
17143 119
17144 119
17145 119
17146 119
17147 119
17148 119
17149 119
17150 119
17151 119
17152 119
17153 119
17154 119
17155 119
17156 119
17157 119
17158 119
17159 119
17160 119
17161 119
17162 119
17163 119
17164 119
17165 119
17166 119
17167 119
17168 119
17169 119
17170 119
17171 119
17172 119
17173 119
17174 119
17175 119
17176 119
17177 119
17178 119
17179 119
17180 119
17181 119
17182 119
17183 119
17184 119
17185 119
17186 119
17187 119
17188 119
17189 119
17190 119
17191 119
17192 119
17193 119
17194 119
17195 119
17196 119
17197 119
17198 119
17198 120
17199 119
17199 120
17200 119
17201 119
17202 119
17203 119
17204 119
17205 119
17206 119
17207 119
17208 119
17209 119
17210 119
17211 119
17212 119
17213 119
17214 119
17215 119
17216 119
17217 119
17218 119
17219 119
17220 119
17221 119
17222 119
17223 119
17224 119
17225 119
17226 119
17227 119
17228 119
17229 119
17230 119
17231 119
17232 119
17233 119
17234 119
17235 119
17236 119
17237 119
17238 119
17239 119
17240 119
17241 119
17242 119
17243 119
17244 119
17245 119
17246 119
17247 119
17248 119
17249 119
17250 119
17251 119
17252 119
17253 119
17254 119
17255 119
17256 119
17257 119
17258 119
17259 119
17260 119
17261 119
17262 119
17263 119
17264 119
17265 119
17266 119
17267 119
17268 119
17269 119
17270 119
17271 119
17272 119
17273 119
17274 119
17275 119
17276 119
17277 119
17278 119
17279 119
17280 119
17281 119
17282 119
17283 119
17284 119
17285 119
17286 119
17287 119
17288 119
17289 119
17290 119
17291 119
17292 119
17293 119
17294 119
17295 119
17296 119
17297 119
17298 119
17299 119
17300 119
17301 119
17302 119
17303 119
17304 119
17305 119
17306 119
17307 119
17308 119
17309 119
17310 119
17311 119
17312 119
17313 119
17314 119
17315 119
17316 119
17317 119
17786 126
17795 127
17796 127
17797 127
17814 126
17815 126
17816 126
17817 126
17818 126
17819 126
17820 127
17821 127
17822 127
17826 128
17827 128
17828 128
17829 128
17830 128
17831 127
17832 127
17833 127
17841 128
17925 130
17926 130
17927 130
17928 130
17930 130
17937 130
17938 130
17939 130
17940 130
17941 130
17942 130
17943 130
17944 130
17945 130
17947 130
17948 130
17951 130
17952 130
17953 130
17954 130
17955 130
17956 130
17957 130
17958 130
17959 130
17960 130
17961 130
17962 130
17963 130
17964 130
17965 130
17965 132
17966 130
17966 132
17967 130
17967 132
17968 130
17968 132
17969 130
17969 132
17970 130
17970 132
17971 130
17971 132
17972 130
17972 132
17973 130
17973 132
17974 130
17974 132
17975 130
17975 132
17976 130
17976 132
17977 130
17978 130
17979 130
17980 130
17981 130
17981 132
17982 130
17982 132
17983 130
17983 132
17984 130
17984 132
17985 130
17985 132
17986 130
17986 132
17987 130
17987 132
17988 130
17988 132
17989 130
17989 132
17990 130
17991 130
17992 130
17993 130
17994 130
17995 130
17996 130
17997 130
17998 130
17999 130
18000 130
18001 130
18002 130
18003 130
18005 130
18006 130
18007 130
18008 130
18010 130
18018 130
18026 134
18122 136
18123 136
18124 136
18125 136
18126 136
18127 136
18128 136
18129 136
18130 136
18131 136
18132 136
18133 136
18134 136
18135 136
18136 136
18137 136
18138 136
18139 136
18140 136
18141 136
18142 136
18143 136
18144 136
18145 136
18146 136
18147 136
18194 137
18195 137
18196 137
18197 137
18198 137
18199 137
18200 137
18201 137
18202 137
18203 137
18204 137
18205 137
18206 137
18408 139
18409 139
18410 139
18411 139
18412 139
18413 139
18414 139
18415 139
18416 139
18417 139
18418 139
18419 139
18420 139
18421 139
18422 139
18440 139
18444 139
18445 139
18446 139
18447 139
18454 139
18455 139
18456 139
18457 139
18458 139
18459 139
18460 139
18461 139
18462 139
18463 139
18464 139
18465 139
18466 139
18467 139
18468 139
18469 139
18470 139
18471 139
18472 139
18473 139
18474 139
18475 139
18476 139
18477 139
18478 139
18479 139
18480 139
18481 139
18482 139
18483 139
18484 139
18485 139
18486 139
18487 139
18488 139
18489 139
18491 139
18492 139
18498 139
18499 139
18501 139
18502 139
18508 139
18509 139
18510 139
18511 139
18512 139
18513 139
18514 139
18515 139
18516 139
18517 139
18518 139
18519 139
18520 139
18521 139
18522 139
18523 139
18524 139
18525 139
18526 139
18527 139
18528 139
18529 139
18530 139
18531 139
18531 140
18532 139
18533 139
18534 139
18535 139
18536 139
18537 139
18538 139
18539 139
18540 139
18541 139
18542 139
18543 139
18544 139
18545 139
18546 139
18547 139
18548 139
18549 139
18550 139
18551 139
18552 139
18553 139
18554 139
18555 139
18556 139
18557 139
18558 139
18559 139
18560 139
18561 139
18562 139
18563 139
18564 139
18565 139
18566 139
18567 139
18568 139
18569 139
18570 139
18571 139
18572 139
18573 139
18574 139
18575 139
18576 139
18577 139
18578 139
18579 139
18580 139
18581 139
18582 139
18583 139
18584 139
18585 139
18586 139
18587 139
18588 139
18589 139
18590 139
18591 139
18592 139
18593 139
18594 139
18595 139
18596 139
18597 139
18598 139
18599 139
18600 139
18601 139
18602 139
18603 139
18604 139
18605 139
18606 139
18607 139
18608 139
18609 139
18610 139
18611 139
18612 139
18613 139
18614 139
18615 139
18616 139
18617 139
18618 139
18619 139
18620 139
18621 139
18622 139
18623 139
18624 139
18625 139
18712 142
18722 142
18723 142
18724 142
18725 142
18726 142
18727 142
18728 142
18736 143
18737 143
18738 143
18739 143
18740 143
18741 143
18758 143
18759 143
18760 143
18771 143
18772 143
18773 143
18774 143
18775 143
18776 143
18777 143
18778 143
18779 143
18780 143
18781 143
18782 143
18783 143
18784 143
18785 143
18786 143
18787 143
18788 143
18826 144
18827 144
18828 144
18859 144
18860 144
18861 144
18862 144
18863 144
18864 144
18865 144
18866 144
18867 144
19163 147
19164 147
19165 147
19166 147
19167 147
19168 147
19169 147
19170 147
19171 147
19172 147
19295 149
19296 149
19297 149
19298 149
19299 149
19300 149
19301 149
19302 149
19303 149
19304 149
19305 149
19306 149
19307 149
19308 149
19309 149
19310 149
19311 149
19312 149
19313 149
19314 149
19315 149
19316 149
19317 149
19318 149
19379 150
19380 150
19384 150
19385 150
19610 151
19611 151
19612 151
19613 151
19614 151
19615 151
19616 151
19617 151
19618 151
19619 151
19620 151
19621 151
19622 151
19623 151
19624 151
19625 151
19626 151
19627 151
19628 151
19629 151
19630 151
19631 151
19632 151
19633 151
19634 151
19635 151
19636 151
19637 151
19638 151
19639 151
19640 151
19641 151
19642 151
19643 151
19644 151
19645 151
19646 151
19647 151
19648 151
19649 151
19650 151
19663 151
19664 151
19665 151
19666 151
19667 151
19668 151
19674 151
19675 151
19677 151
19678 151
19680 151
19681 151
19682 151
19683 151
19684 151
19685 151
19694 152
19695 152
19696 152
19697 152
19698 152
19699 152
19700 152
19701 152
19702 152
19703 152
19704 152
19706 152
19707 152
19708 152
19709 152
19710 152
19711 152
19712 152
19713 152
19714 152
19715 152
19716 152
19717 152
19718 152
19719 152
19720 152
19721 152
19722 152
19723 152
19724 152
19725 152
19726 152
19727 152
19728 152
19729 152
19730 152
19731 152
19732 152
19733 152
19734 152
19735 152
19736 152
19737 152
19738 152
19739 152
19740 152
19741 152
19742 152
19743 152
19744 152
19745 152
19746 152
19747 152
19748 152
19749 152
19750 152
19751 152
19752 152
19753 152
19754 152
19755 152
19756 152
19757 152
19758 152
19759 152
19760 152
19761 152
19762 152
19763 152
19764 152
19765 152
19766 152
19767 152
19768 152
19769 152
19770 152
19771 152
19772 152
19773 152
19774 152
19775 152
19776 152
19777 152
19778 152
19779 152
19780 152
19781 152
19782 152
19783 152
19784 152
19785 152
20030 154
20031 154
20032 154
20033 154
20034 154
20035 154
20036 154
20037 154
20038 154
20039 154
20040 154
20041 154
20042 154
20043 154
20044 154
20045 154
20046 154
20047 154
20048 154
20049 154
20050 154
20051 154
20052 154
20053 154
20054 154
20055 154
20056 154
20057 154
20058 154
20059 154
20060 154
20082 154
20086 154
20087 154
20088 154
20089 154
20090 154
20091 154
20092 154
20093 154
20094 154
20096 154
20097 154
20101 154
20179 155
20184 155
20185 155
20190 155
20191 155
20195 155
20196 155
20197 155
