65 1
66 1
67 1
68 1
69 1
70 1
71 1
72 1
73 1
74 1
75 1
76 1
77 1
78 1
79 1
86 1
87 1
91 1
92 1
93 1
94 1
95 1
113 1
137 1
138 1
139 1
140 1
141 1
142 1
143 1
145 1
151 1
152 1
153 1
154 1
155 1
156 1
157 1
158 1
159 1
227 4
228 4
229 4
230 4
231 4
232 4
233 4
234 4
235 4
236 4
237 4
238 4
239 4
240 4
241 4
242 4
243 4
244 4
245 4
246 4
247 4
248 4
249 4
250 4
251 4
252 4
253 4
254 4
255 4
256 4
257 4
258 4
259 4
260 4
261 4
262 4
263 4
264 4
265 4
266 4
267 4
268 4
269 4
270 4
271 4
272 4
273 4
274 4
275 4
276 4
277 4
278 4
279 4
280 4
281 4
282 4
283 4
284 4
285 4
286 4
287 4
288 4
289 4
290 4
291 4
292 4
293 4
294 4
295 4
296 4
297 4
298 4
299 4
300 4
301 4
302 4
303 4
304 4
305 4
306 4
307 4
308 4
309 4
310 4
311 4
312 4
313 4
314 4
315 4
316 4
317 4
318 4
319 4
320 4
321 4
322 4
323 4
324 4
325 4
326 4
327 4
328 4
329 4
330 4
331 4
332 4
333 4
334 4
335 4
336 4
337 4
338 4
339 4
340 4
341 4
342 4
343 4
344 4
345 4
346 4
347 4
348 4
349 4
350 4
351 4
352 4
353 4
354 4
355 4
356 4
357 4
358 4
359 4
360 4
361 4
362 4
363 4
364 4
365 4
366 4
367 4
368 4
369 4
370 4
371 4
372 4
373 4
374 4
375 4
377 4
652 7
653 7
654 7
655 7
658 7
659 7
660 7
661 7
662 7
663 7
664 7
665 7
666 7
667 7
668 7
669 7
670 7
671 7
672 7
673 7
674 7
675 7
676 7
677 7
678 7
679 7
680 7
681 7
682 7
683 7
684 7
685 7
686 7
687 7
688 7
689 7
690 7
691 7
692 7
693 7
694 7
695 7
696 7
697 7
698 7
699 7
700 7
701 7
702 7
703 7
704 7
705 7
706 7
707 7
708 7
709 7
710 7
711 7
712 7
713 7
714 7
715 7
716 7
717 7
718 7
719 7
720 7
721 7
722 7
723 7
724 7
725 7
726 7
727 7
728 7
729 7
730 7
731 7
732 7
733 7
734 7
735 7
736 7
737 7
738 7
739 7
740 7
741 7
742 7
743 7
744 7
745 7
746 7
747 7
748 7
749 7
750 7
751 7
752 7
753 7
754 7
755 7
756 7
757 7
758 7
759 7
760 7
761 7
762 7
763 7
764 7
765 7
766 7
767 7
768 7
769 7
770 7
771 7
772 7
773 7
774 7
775 7
776 7
777 7
778 7
779 7
780 7
781 7
782 7
783 7
784 7
785 7
786 7
787 7
788 7
789 7
790 7
791 7
792 7
793 7
794 7
795 7
796 7
797 7
798 7
799 7
800 7
801 7
802 7
803 7
804 7
805 7
806 7
807 7
808 7
809 7
810 7
811 7
812 7
813 7
814 7
815 7
816 7
817 7
818 7
819 7
820 7
821 7
822 7
823 7
824 7
825 7
826 7
827 7
828 7
829 7
830 7
831 7
832 7
833 7
834 7
835 7
836 7
837 7
838 7
839 7
840 7
841 7
842 7
843 7
844 7
845 7
846 7
847 7
848 7
849 7
850 7
851 7
852 7
853 7
854 7
855 7
856 7
857 7
858 7
859 7
860 7
861 7
862 7
863 7
864 7
865 7
866 7
867 7
868 7
869 7
870 7
871 7
872 7
873 7
874 7
875 7
876 7
877 7
878 7
879 7
880 7
881 7
882 7
883 7
884 7
885 7
886 7
887 7
888 7
889 7
890 7
891 7
892 7
893 7
894 7
895 7
896 7
897 7
898 7
899 7
900 7
901 7
902 7
903 7
904 7
905 7
906 7
907 7
908 7
909 7
910 7
911 7
912 7
913 7
914 7
915 7
916 7
917 7
918 7
919 7
920 7
921 7
922 7
923 7
924 7
925 7
926 7
927 7
928 7
929 7
930 7
931 7
932 7
933 7
934 7
935 7
936 7
937 7
938 7
939 7
940 7
941 7
942 7
943 7
944 7
945 7
946 7
947 7
948 7
949 7
950 7
951 7
952 7
953 7
954 7
955 7
956 7
957 7
958 7
959 7
972 8
973 8
974 8
975 8
976 8
1036 9
1037 9
1038 9
1039 9
1040 9
1041 9
1042 9
1043 9
1044 9
1045 9
1046 9
1047 9
1048 9
1049 9
1050 9
1050 10
1051 9
1051 10
1052 9
1052 10
1053 9
1053 10
1054 9
1054 10
1055 9
1056 9
1057 9
1058 9
1077 9
1079 9
1080 9
1081 9
1082 9
1083 9
1084 9
1085 9
1086 9
1087 9
1088 9
1089 9
1090 9
1091 9
1092 9
1093 9
1094 9
1098 9
1100 9
1113 9
1114 9
1115 9
1116 9
1117 9
1141 9
1142 9
1143 9
1144 9
1145 9
1146 9
1147 9
1148 9
1149 9
1150 9
1151 9
1152 9
1154 9
1155 9
1156 9
1157 9
1158 9
1159 9
1160 9
1161 9
1162 9
1166 9
1173 9
1253 11
1254 11
1255 11
1256 11
1257 11
1258 11
1259 11
1260 11
1261 11
1262 11
1263 11
1264 11
1265 11
1266 11
1267 11
1268 11
1269 11
1270 11
1271 11
1272 11
1273 11
1274 11
1275 11
1276 11
1277 11
1278 11
1279 11
1280 11
1291 11
1292 11
1293 11
1294 11
1295 11
1296 11
1297 11
1298 11
1299 11
1300 11
1301 11
1302 11
1303 11
1304 11
1305 11
1306 11
1307 11
1308 11
1309 11
1310 11
1311 11
1312 11
1313 11
1314 11
1460 12
1461 12
1463 12
1483 13
1484 13
1487 13
1490 13
1491 13
1492 13
1493 13
1494 13
1495 13
1496 13
1497 13
1510 14
1511 14
1512 14
1513 14
1514 14
1515 14
1516 14
1517 14
1518 14
1519 14
1520 14
1521 14
1522 14
1523 14
1526 14
1528 14
1529 14
1530 14
1531 14
1532 14
1533 14
1534 14
1535 14
1536 14
1537 14
1538 14
1539 14
1540 14
1541 14
1548 14
1549 14
1550 14
1551 14
1552 14
1553 14
1554 14
1555 14
1556 14
1557 14
1558 14
1559 14
1560 14
1572 14
1573 14
1574 14
1575 14
2040 15
2041 15
2042 15
2043 15
2044 15
2045 15
2046 15
2047 15
2048 15
2049 15
2050 15
2051 15
2052 15
2058 15
2059 15
2060 15
2061 15
2062 15
2063 15
2064 15
2065 15
2066 15
2067 15
2068 15
2069 15
2070 15
2071 15
2072 15
2073 15
2074 15
2075 15
2076 15
2077 15
2078 15
2079 15
2080 15
2082 15
2083 15
2084 15
2085 15
2086 15
2087 15
2088 15
2089 15
2090 15
2091 15
2092 15
2093 15
2094 15
2096 15
2099 15
2100 15
2101 15
2102 15
2103 15
2104 15
2105 15
2106 15
2107 15
2111 15
2112 15
2113 15
2114 15
2115 15
2116 15
2117 15
2119 15
2120 15
2121 15
2122 15
2123 15
2124 15
2125 15
2126 15
2127 15
2273 18
2274 18
2355 19
2356 19
2357 19
2358 19
2359 19
2360 19
2361 19
2362 19
2429 20
2684 22
2685 22
2686 22
2687 22
2688 22
2689 22
2690 22
2691 22
2692 22
2693 22
2694 22
2695 22
2696 22
2697 22
2698 22
2699 22
2700 22
2705 22
2732 23
2733 23
2734 23
2737 23
2738 23
2740 23
2741 23
2742 23
2743 23
2745 23
2916 26
2917 26
2918 26
2919 26
2920 26
2921 26
2930 26
2931 26
2932 26
3225 29
3226 29
3227 29
3228 29
3229 29
3230 29
3231 29
3232 29
3233 29
3234 29
3235 29
3236 29
3237 29
3238 29
3239 29
3240 29
3241 29
3242 29
3243 29
3245 29
3246 29
3247 29
3248 29
3249 29
3788 34
3789 34
3815 34
3848 35
3849 35
3850 35
3851 35
3852 35
3853 35
3854 35
3855 35
3856 35
3857 35
3858 35
3859 35
3860 35
3861 35
3862 35
3863 35
3864 35
3865 35
3867 35
3868 35
3870 35
3873 35
3875 35
3876 35
3877 35
3879 35
3880 35
3881 35
3882 35
3883 35
3884 35
3885 35
3886 35
3887 35
3888 35
3889 35
3890 35
3891 35
3892 35
3893 35
3894 35
3895 35
3896 35
3897 35
3898 35
3899 35
3900 35
3901 35
3902 35
3903 35
3904 35
3905 35
3906 35
3907 35
3908 35
3909 35
3910 35
3911 35
3912 35
3913 35
3914 35
3915 35
3916 35
3917 35
3918 35
3919 35
3920 35
3921 35
3922 35
3923 35
3924 35
3925 35
3926 35
3927 35
3928 35
3929 35
3930 35
3931 35
3932 35
3933 35
3934 35
3935 35
3936 35
3937 35
3938 35
3939 35
3940 35
3941 35
3942 35
3943 35
3944 35
3945 35
3946 35
3947 35
3947 37
3948 35
3948 37
3949 35
3949 37
3950 35
3950 37
3951 35
3951 37
3952 35
3953 35
3954 35
3955 35
3956 35
3957 35
3958 35
3959 35
3960 35
3961 35
3962 35
3963 35
3964 35
3965 35
3966 35
3967 35
3968 35
3969 35
3970 35
3971 35
3972 35
3973 35
3974 35
3975 35
3976 35
3977 35
3978 35
3979 35
3980 35
3981 35
3982 35
3983 35
3984 35
3985 35
3986 35
3987 35
3988 35
3989 35
3990 35
3991 35
3992 35
3993 35
3994 35
3995 35
3996 35
3997 35
3998 35
3999 35
4000 35
4001 35
4002 35
4003 35
4004 35
4005 35
4006 35
4007 35
4008 35
4009 35
4010 35
4011 35
4012 35
4013 35
4014 35
4015 35
4016 35
4017 35
4018 35
4019 35
4020 35
4021 35
4022 35
4023 35
4024 35
4025 35
4026 35
4027 35
4046 38
4109 45
4111 45
4112 45
4115 45
4120 45
4121 45
4122 45
4123 45
4124 45
4125 45
4126 45
4127 45
4128 45
4129 45
4131 45
4133 45
4134 45
4135 45
4136 45
4137 45
4138 45
4139 45
4140 45
4141 45
4142 45
4143 45
4144 45
4145 45
4146 45
4147 45
4148 45
4149 45
4150 45
4151 45
4152 45
4153 45
4158 45
4159 45
4160 45
4164 45
4165 45
4205 46
4206 46
4207 46
4208 46
4209 46
4210 46
4211 46
4212 46
4213 46
4214 46
4215 46
4216 46
4217 46
4218 46
4219 46
4220 46
4221 46
4222 46
4223 46
4224 46
4225 46
4226 46
4227 46
4228 46
4232 46
4233 46
4234 46
4235 46
4236 46
4237 46
4238 46
4241 46
4242 46
4243 46
4244 46
4245 46
4246 46
4247 46
4248 46
4249 46
4250 46
4251 46
4252 46
4253 46
4254 46
4255 46
4256 46
4257 46
4258 46
4259 46
4260 46
4261 46
4262 46
4263 46
4264 46
4265 46
4266 46
4267 46
4268 46
4269 46
4270 46
4271 46
4272 46
4273 46
4274 46
4276 46
4277 46
4278 46
4279 46
4280 46
4281 46
4282 46
4283 46
4284 46
4285 46
4286 46
4287 46
4288 46
4289 46
4290 46
4291 46
4292 46
4293 46
4294 46
4295 46
4296 46
4297 46
4298 46
4299 46
4300 46
4301 46
4302 46
4303 46
4304 46
4305 46
4310 46
4311 46
4312 46
4366 50
4367 50
4368 50
4369 50
4370 50
4371 50
4511 51
4750 52
4751 52
4752 52
4753 52
4754 52
4755 52
4756 52
4757 52
4758 52
4759 52
4760 52
4761 52
4762 52
4763 52
4764 52
4765 52
4766 52
5077 56
5078 56
5079 56
5080 56
5081 56
5082 56
5083 56
5084 56
5085 56
5086 56
5087 56
5088 56
5089 56
5090 56
5096 56
5097 56
5099 56
5112 56
5113 56
5114 56
5115 56
5373 57
5374 57
5375 57
5380 57
5381 57
5382 57
5383 57
5384 57
5385 57
5386 57
5387 57
5388 57
5389 57
5390 57
5390 60
5391 57
5391 60
5392 57
5392 60
5393 57
5394 57
5395 57
5396 57
5397 57
5398 57
5399 57
5400 57
5401 57
5402 57
5403 57
5404 57
5405 57
5406 57
5407 57
5408 57
5409 57
5410 57
5410 60
5411 57
5411 60
5412 57
5412 60
5413 57
5413 60
5414 57
5414 60
5415 57
5415 60
5416 57
5416 60
5417 57
5417 60
5418 57
5418 60
5419 57
5419 60
5420 57
5420 60
5421 57
5421 60
5422 57
5422 60
5423 57
5423 60
5424 57
5424 60
5425 57
5425 60
5426 57
5427 60
5428 60
5429 60
5430 60
5431 60
5432 60
5433 60
5434 60
5435 60
5436 60
5437 60
5438 60
5439 60
5440 60
5441 60
5442 60
5443 60
5444 60
5445 60
5446 60
5447 60
5448 60
5449 60
5450 60
5451 60
5452 60
5453 60
5454 60
5455 60
5456 60
5457 60
5458 60
5459 60
5460 60
5461 60
5462 60
5463 60
5464 60
5465 60
5466 60
5467 60
5468 60
5469 60
5470 60
5471 60
5472 60
5478 63
5483 63
5484 60
5484 63
5485 60
5485 63
5486 60
5486 63
5487 60
5488 63
5489 63
5497 63
5498 63
5499 63
5500 63
5545 64
5546 64
5547 64
5548 64
5549 64
5550 64
5551 64
5552 64
5553 64
5554 64
5555 64
5556 64
5557 64
5558 64
5559 64
5560 64
5561 64
5562 64
5563 64
5564 64
5565 64
5566 64
5567 64
5568 64
5569 64
5570 64
5571 64
5572 64
5573 64
5574 64
5575 64
5576 64
5577 64
5578 64
5579 64
5580 64
5581 64
5582 64
5583 64
5584 64
5585 64
5586 64
5587 64
5588 64
5589 64
5590 64
5591 64
5592 64
5593 64
5594 64
5595 64
5596 64
5597 64
5598 64
5599 64
5600 64
5601 64
5602 64
5603 64
5604 64
5605 64
5606 64
5607 64
5608 64
5609 64
5610 64
5611 64
5612 64
5613 64
5614 64
5615 64
5616 64
5617 64
5618 64
5619 64
5620 64
5621 64
5621 65
5622 64
5622 65
5623 64
5623 65
5624 64
5624 65
5625 64
5625 65
5626 64
5626 65
5627 64
5627 65
5628 64
5628 65
5629 64
5629 65
5630 64
5630 65
5631 64
5631 65
5632 64
5632 65
5633 64
5633 65
5634 64
5634 65
5635 64
5635 65
5636 64
5636 65
5637 64
5637 65
5638 64
5638 65
5639 64
5639 65
5640 64
5640 65
5641 64
5641 65
5642 64
5642 65
5643 64
5643 65
5644 64
5644 65
5645 64
5645 65
5646 64
5646 65
5647 64
5647 65
5648 64
5648 65
5649 64
5649 65
5650 64
5650 65
5651 64
5651 65
5652 64
5652 65
5653 64
5654 64
5655 64
5657 64
5658 64
5659 64
5686 64
5688 64
5709 66
5710 66
5711 66
5712 66
5713 66
5717 66
5718 66
5719 66
5720 66
5721 66
5722 66
5723 66
5724 66
5725 66
5726 66
5727 66
5728 66
5729 66
5730 66
5731 66
5732 66
5733 66
5734 66
5735 66
5736 66
5737 66
5738 66
5739 66
5740 66
5741 66
5742 66
5743 66
5744 66
5745 66
5746 66
5747 66
5748 66
5749 66
5750 66
5751 66
5752 66
5753 66
5754 66
5755 66
5756 66
5757 66
5758 66
5759 66
5760 66
5761 66
5762 66
5763 66
5764 66
5765 66
5766 66
5785 66
5786 66
5790 66
5791 66
5792 66
5793 66
5794 66
5795 66
5796 66
5797 66
5798 66
5799 66
5800 66
5801 66
5802 66
5803 66
5804 66
5805 66
5806 66
5807 66
5808 66
5809 66
5810 66
5811 66
5812 66
5813 66
5814 66
5815 66
5816 66
5817 66
5818 66
5819 66
5820 66
5922 68
5935 68
5939 70
5940 68
5941 68
5942 68
5943 68
5944 68
5945 68
5946 68
5947 68
5948 68
5949 68
5950 68
5951 68
5952 68
5953 68
5954 68
5955 68
5956 68
5957 68
5958 68
5959 68
5960 68
5961 68
5962 68
6165 71
6166 71
6167 71
6168 71
6169 71
6170 71
6171 71
6171 72
6172 71
6172 72
6173 71
6173 72
6174 71
6174 72
6175 71
6175 72
6176 71
6176 72
6177 71
6177 72
6178 71
6178 72
6179 71
6180 72
6206 71
6207 71
6208 71
6209 71
6210 71
6211 71
6212 71
6213 71
6214 71
6215 71
6216 71
6217 71
6218 71
6219 71
6220 71
6221 71
6222 71
6223 71
6224 71
6225 71
6226 71
6227 71
6228 71
6229 71
6230 71
6232 71
6233 71
6234 71
6235 71
6236 71
6237 71
6238 71
6239 71
6240 71
6363 73
6365 73
6513 74
6588 76
6589 76
6590 76
6591 76
6592 76
6593 76
6594 76
6595 76
6596 76
6597 76
6598 76
6599 76
6600 76
6601 76
6602 76
6603 76
6604 76
6605 76
6606 76
6607 76
6608 76
6609 76
6610 76
6611 76
6612 76
6612 78
6613 76
6613 78
6614 76
6614 78
6615 76
6615 78
6616 76
6616 78
6617 76
6617 78
6618 76
6618 78
6619 76
6619 78
6620 76
6620 78
6621 76
6621 78
6622 76
6622 78
6623 76
6623 78
6624 76
6624 78
6625 76
6625 78
6626 76
6626 78
6627 76
6627 78
6628 76
6628 78
6629 76
6629 78
6630 76
6630 78
6631 76
6631 78
6632 76
6632 78
6633 76
6633 78
6634 76
6634 78
6635 76
6635 78
6636 76
6636 78
6637 76
6637 78
6638 76
6638 78
6639 76
6639 78
6640 76
6640 78
6641 76
6641 78
6642 76
6642 78
6643 76
6643 78
6644 76
6644 78
6645 76
6645 78
6646 76
6646 78
6647 76
6647 78
6648 76
6648 78
6649 76
6650 76
6650 78
6651 76
6651 78
6652 76
6652 78
6653 76
6654 76
6655 76
6656 76
6657 76
6658 76
6659 76
6660 76
6662 78
6663 78
6667 78
6668 78
6703 79
6704 79
6797 80
6798 80
6799 80
6800 80
6813 80
6814 80
6815 80
6815 81
6816 80
6816 81
6817 80
6817 81
6818 80
6818 81
6819 80
6820 80
6821 80
6822 80
6823 80
6824 80
6825 80
6826 80
6827 80
6828 80
6829 80
6830 80
6831 80
6832 80
6833 80
6834 80
6835 80
6836 80
6837 80
6838 80
6839 80
6840 80
6841 80
6842 80
6843 80
6844 80
6845 80
6846 80
6847 80
6848 80
6849 80
6850 80
6851 80
6852 80
6853 80
6854 80
6855 80
6856 80
6857 80
6858 80
6859 80
6860 80
6861 80
6862 80
6863 80
6864 80
6865 80
6866 80
6867 80
6868 80
6869 80
6870 80
6871 80
6872 80
6873 80
6874 80
6875 80
6876 80
6877 80
6878 80
6879 80
6880 80
6881 80
6882 80
6883 80
6884 80
6885 80
6886 80
6887 80
6888 80
6889 80
6890 80
6891 80
6892 80
6893 80
6894 80
6895 80
6896 80
6897 80
6898 80
6899 80
6900 80
6901 80
6902 80
6903 80
6904 80
6905 80
6906 80
6907 80
6908 80
6909 80
6910 80
6911 80
6912 80
6913 80
6914 80
6915 80
6916 80
6917 80
6918 80
6919 80
6920 80
6921 80
6922 80
6923 80
6924 80
6925 80
6926 80
6927 80
6928 80
6929 80
6930 80
6931 80
6932 80
6933 80
6934 80
6935 80
6936 80
6937 80
6938 80
6939 80
6940 80
6941 80
6942 80
6943 80
6944 80
6945 80
6946 80
6947 80
6948 80
6949 80
6950 80
6951 80
6952 80
6953 80
6954 80
6955 80
6956 80
6957 80
6958 80
6959 80
6960 80
6961 80
6962 80
6963 80
6964 80
6965 80
6966 80
6967 80
6968 80
6969 80
6970 80
6971 80
6972 80
6973 80
6974 80
6975 80
6976 80
6977 80
6978 80
6979 80
6980 80
6981 80
6982 80
6983 80
6984 80
6985 80
6986 80
6987 80
6988 80
6989 80
6990 80
6991 80
6992 80
6993 80
6994 80
6995 80
6996 80
6997 80
6998 80
6999 80
7000 80
7001 80
7002 80
7003 80
7004 80
7005 80
7006 80
7007 80
7008 80
7009 80
7010 80
7011 80
7012 80
7013 80
7014 80
7015 80
7016 80
7017 80
7018 80
7019 80
7020 80
7021 80
7022 80
7023 80
7024 80
7025 80
7026 80
7027 80
7028 80
7029 80
7030 80
7031 80
7032 80
7033 80
7034 80
7035 80
7036 80
7037 80
7038 80
7039 80
7040 80
7041 80
7042 80
7043 80
7044 80
7045 80
7046 80
7048 80
7049 80
7050 80
7051 80
7052 80
7053 80
7054 80
7055 80
7056 80
7058 80
7059 80
7060 80
7061 80
7062 80
7063 80
7064 80
7283 82
7284 82
7285 82
7286 82
7287 82
7288 82
7289 82
7290 82
7431 84
7432 84
7433 84
7434 84
7435 84
7436 84
7437 84
7438 84
7439 84
7440 84
7441 84
7442 84
7443 84
7444 84
7445 84
7446 84
7447 84
7448 84
7449 84
7450 84
7652 86
7653 86
7654 86
7655 86
7656 86
7657 86
7658 86
7659 86
7660 86
7661 86
7796 87
7799 87
7843 89
7849 89
7852 89
7853 89
7854 89
7855 89
7856 89
7857 89
7858 89
7859 89
7860 89
7861 89
7862 89
7863 89
7864 89
7865 89
7866 89
7867 89
7868 89
7869 89
7870 89
7871 89
7872 89
7873 89
7874 89
7875 89
7876 89
7877 89
7878 89
7879 89
7880 89
7881 89
7882 89
7883 89
7884 89
7885 89
7886 89
7887 89
7888 89
7889 89
7890 89
7891 89
7892 89
7893 89
7916 89
7917 89
7918 89
7926 89
7928 89
7929 89
7930 89
7931 89
7933 89
7934 89
7935 89
7936 89
7937 89
7938 89
7939 89
7940 89
7941 89
7942 89
7943 89
7944 89
7945 89
7946 89
7947 89
7948 89
8118 92
8119 92
8120 92
8121 92
8122 92
8123 92
8124 92
8125 92
8126 92
8150 92
8151 92
8152 92
8153 92
8154 92
8155 92
8156 92
8157 92
8158 92
8159 92
8160 92
8161 92
8162 92
8163 92
8164 92
8165 92
8166 92
8167 92
8168 92
8169 92
8170 92
8171 92
8172 92
8173 92
8174 92
8175 92
8176 92
8177 92
8178 92
8179 92
8180 92
8181 92
8183 92
8184 92
8185 92
8186 92
8187 92
8189 92
8190 92
8191 92
8192 92
8193 92
8194 92
8195 92
8196 92
8197 92
8198 92
8199 92
8200 92
8201 92
8202 92
8203 92
8204 92
8205 92
8206 92
8207 92
8208 92
8209 92
8210 92
8211 92
8212 92
8213 92
8214 92
8215 92
8216 92
8217 92
8218 92
8219 92
8220 92
8221 92
8222 92
8223 92
8224 92
8225 92
8226 92
8227 92
8228 92
8229 92
8230 92
8231 92
8232 92
8233 92
8234 92
8235 92
8236 92
8237 92
8238 92
8239 92
8240 92
8241 92
8242 92
8243 92
8244 92
8245 92
8246 92
8247 92
8249 94
8250 94
8251 94
8274 92
8275 92
8361 96
8362 96
8363 96
8364 96
8365 96
8366 96
8367 96
8368 96
8369 96
8370 96
8371 96
8372 96
8373 96
8374 96
8375 96
8376 96
8377 96
8378 96
8379 96
8380 96
8381 96
8382 96
8383 96
8384 96
8385 96
8386 96
8387 96
8388 96
8389 96
8390 96
8391 96
8392 96
8393 96
8394 96
8395 96
8396 96
8397 96
8398 96
8399 96
8400 96
8401 96
8402 96
8403 96
8404 96
8405 96
8406 96
8407 96
8408 96
8409 96
8410 96
8411 96
8412 96
8413 96
8414 96
8415 96
8416 96
8417 96
8418 96
8419 96
8420 96
8421 96
8422 96
8423 96
8424 96
8425 96
9169 97
9170 97
9175 97
9176 97
9176 98
9250 103
9251 103
9252 103
9253 103
9254 103
9255 103
9256 103
9257 103
9258 103
9259 103
9323 104
9324 104
9325 104
9326 104
9831 108
9832 108
9833 108
9834 108
9835 108
9836 108
9837 108
9838 108
9839 108
9840 108
9841 108
9842 108
9843 108
9844 108
9845 108
9846 108
9847 108
9848 108
9849 108
9850 108
9851 108
9852 108
9853 108
9860 108
9862 108
9863 108
9864 108
9865 108
9866 108
9867 108
9868 108
9869 108
9879 108
9880 108
10238 109
10240 109
10242 109
10248 109
10251 109
10252 109
10253 109
10254 109
10255 109
10302 111
10304 111
10305 111
10306 111
10307 111
10308 111
10309 111
10310 111
10311 111
10312 111
10313 111
10314 111
10315 111
10316 111
10317 111
10318 111
10319 111
10320 111
10321 111
10322 111
10323 111
10324 111
10325 111
10326 111
10327 111
10328 111
10329 111
10330 111
10331 111
10332 111
10333 111
10334 111
10335 111
10336 111
10337 111
10338 111
10339 111
10340 111
10341 111
10342 111
10343 111
10344 111
10345 111
10346 111
10347 111
10348 111
10349 111
10350 111
10351 111
10352 111
10356 111
10357 111
10358 111
10362 111
11098 114
11099 114
11103 115
11190 116
11191 116
11192 116
11195 116
11196 116
11197 116
11198 116
11199 116
11200 116
11334 117
11335 117
11336 117
11337 117
11338 117
11339 117
11340 117
11341 117
11342 117
11343 117
11344 117
11462 120
11463 120
11464 120
11465 120
11466 120
11467 120
11468 120
11477 120
11478 120
11479 120
11752 128
11753 128
11754 128
12874 135
12875 135
12876 135
12877 135
12878 135
12879 135
12880 135
12881 135
12882 135
12883 135
12884 135
12885 135
12886 135
12887 135
12888 135
12889 135
12890 135
12891 135
12892 135
12893 135
12894 135
12895 135
12896 135
12897 135
12898 135
12899 135
12900 135
12901 135
12902 135
12903 135
12904 135
12905 135
12906 135
12907 135
12908 135
12909 135
12910 135
12911 135
12912 135
12922 135
12923 135
12924 135
12927 135
12928 135
12929 135
12930 135
12931 135
12932 135
12933 135
12934 135
12935 135
12936 135
12937 135
12940 135
12942 135
12943 135
12944 135
12945 135
12946 135
12947 135
12948 135
12949 135
12950 135
12951 135
12952 135
12953 135
12954 135
12955 135
12956 135
12957 135
12958 135
12959 135
12960 135
12961 135
12962 135
12963 135
12964 135
12965 135
12966 135
12967 135
12968 135
12969 135
12970 135
12971 135
12972 135
12973 135
12974 135
12975 135
12976 135
12977 135
12978 135
12979 135
12980 135
12981 135
12982 135
12983 135
12984 135
12985 135
12986 135
12987 135
12988 135
12989 135
12990 135
12991 135
12992 135
12993 135
12994 135
12995 135
12996 135
12997 135
12998 135
12999 135
13000 135
13001 135
13002 135
13003 135
13004 135
13005 135
13006 135
13007 135
13008 135
13009 135
13010 135
13238 136
13319 137
13320 137
13321 137
13322 137
13328 138
13329 138
13330 138
13331 138
13332 138
14198 142
14199 142
14200 142
14268 143
14269 143
14270 143
14271 143
14272 143
14273 143
14274 143
14275 143
14276 143
14277 143
14278 143
14279 143
14280 143
14281 143
14282 143
14283 143
14284 143
14285 143
14286 143
14287 143
14288 143
14289 143
14290 143
14291 143
14292 143
14293 143
14294 143
14295 143
14296 143
14297 143
14298 143
14299 143
14300 143
14301 143
14302 143
14303 143
14304 143
14305 143
14306 143
14307 143
14308 143
14309 143
14310 143
14311 143
14312 143
14313 143
14314 143
14315 143
14316 143
14317 143
14318 143
14319 143
14320 143
14321 143
14322 143
14323 143
14324 143
14325 143
14326 143
14327 143
14328 143
14329 143
14330 143
14331 143
14332 143
14376 144
14377 144
14378 144
14379 144
14387 144
14391 144
14392 144
14393 144
14394 144
14395 144
14396 144
14397 144
14398 144
14399 144
14400 144
14439 145
14440 145
14441 145
14442 145
14443 145
14444 145
14445 145
14447 145
14448 145
14449 145
14450 145
14451 145
14452 145
14453 145
14454 145
14455 145
14456 145
14457 145
14458 145
14459 145
14460 145
14461 145
14462 145
14463 145
14464 145
14465 145
14466 145
14467 145
14468 145
14469 145
14470 145
14471 145
14472 145
14473 145
14474 145
14475 145
14476 145
14477 145
14478 145
14479 145
14480 145
14481 145
15041 147
15108 148
15109 148
15110 148
15112 148
15113 148
15114 148
15115 148
15118 148
15119 148
15120 148
15121 148
15122 148
15123 148
15124 148
15125 148
15126 148
15127 148
15128 148
15129 148
15130 148
15131 148
15132 148
15133 148
15134 148
15135 148
15136 148
15137 148
15138 148
15139 148
15140 148
15141 148
15142 148
15143 148
15144 148
15145 148
15146 148
15147 148
15148 148
15149 148
15150 148
15151 148
15152 148
15153 148
15154 148
15155 148
15156 148
15157 148
15158 148
15159 148
15160 148
15161 148
15162 148
15163 148
15164 148
15165 148
15166 148
15167 148
15168 148
15169 148
15170 148
15171 148
15172 148
15173 148
15174 148
15175 148
15176 148
15177 148
15178 148
15179 148
15180 148
15181 148
15182 148
15183 148
15184 148
15185 148
15186 148
15187 148
15188 148
15189 148
15190 148
15191 148
15192 148
15193 148
15194 148
15195 148
15196 148
15197 148
15198 148
15199 148
15200 148
15201 148
15202 148
15203 148
15204 148
15205 148
15206 148
15207 148
15208 148
15209 148
15210 148
15211 148
15212 148
15213 148
15214 148
15215 148
15216 148
15217 148
15218 148
15219 148
15220 148
15221 148
15222 148
15223 148
15224 148
15225 148
15226 148
15227 148
15228 148
15229 148
15230 148
15231 148
15232 148
15233 148
15234 148
15235 148
15236 148
15237 148
15238 148
15239 148
15240 148
15241 148
15242 148
15243 148
15244 148
15245 148
15246 148
15247 148
15248 148
15249 148
15250 148
15251 148
15252 148
15253 148
15254 148
15255 148
15256 148
15257 148
15258 148
15259 148
15260 148
15261 148
15262 148
15263 148
15264 148
15265 148
15266 148
15267 148
15268 148
15269 148
15270 148
15271 148
15272 148
15273 148
15274 148
15275 148
15276 148
15277 148
15278 148
15279 148
15280 148
15281 148
15282 148
15283 148
15284 148
15285 148
15286 148
15287 148
15288 148
15289 148
15290 148
15291 148
15292 148
15293 148
15294 148
15295 148
15296 148
15297 148
15298 148
15299 148
15300 148
15301 148
15302 148
15303 148
15304 148
15305 148
15306 148
15307 148
15308 148
15309 148
15310 148
15311 148
15312 148
15313 148
15314 148
15315 148
15316 148
15317 148
15318 148
15319 148
15320 148
15321 148
15322 148
15323 148
15324 148
15325 148
15326 148
15327 148
15328 148
15329 148
15330 148
15331 148
15332 148
15333 148
15334 148
15335 148
15336 148
15337 148
15338 148
15339 148
15340 148
15341 148
15342 148
15343 148
15344 148
15345 148
15346 148
15347 148
15348 148
15349 148
15350 148
15351 148
15352 148
15353 148
15354 148
15355 148
15356 148
15357 148
15358 148
15359 148
15360 148
15361 148
15362 148
15363 148
15364 148
15365 148
15366 148
15367 148
15368 148
15369 148
15370 148
15371 148
15372 148
15373 148
15374 148
15375 148
15376 148
15377 148
15378 148
15379 148
15380 148
15381 148
15382 148
15383 148
15384 148
15385 148
15386 148
15387 148
15388 148
15389 148
15390 148
15391 148
15392 148
15393 148
15395 148
15396 148
15397 148
15398 148
15399 148
15400 148
15401 148
15402 148
15403 148
15404 148
15405 148
15406 148
15407 148
15408 148
15409 148
15410 148
15411 148
15412 148
15413 148
15414 148
15415 148
15416 148
15417 148
15418 148
15419 148
15420 148
15421 148
15422 148
15423 148
15424 148
15425 148
15426 148
15427 148
15428 148
15429 148
15430 148
15431 148
15432 148
15433 148
15434 148
15435 148
15436 148
15437 148
15438 148
15439 148
15440 148
15441 148
15442 148
15443 148
15444 148
15445 148
15446 148
15447 148
15448 148
15449 148
15450 148
15451 148
15452 148
15453 148
15454 148
15455 148
15456 148
15457 148
15458 148
15459 148
15460 148
15461 148
15462 148
15463 148
15464 148
15465 148
15466 148
15467 148
15468 148
15469 148
15470 148
15471 148
15472 148
15473 148
15474 148
15475 148
15476 148
15477 148
15478 148
15479 148
15480 148
15481 148
15482 148
15483 148
15484 148
15485 148
15486 148
15487 148
15488 148
15489 148
15490 148
15491 148
15492 148
15493 148
15494 148
15517 148
15518 148
15519 148
15520 148
15521 148
15522 148
15523 148
15524 148
15525 148
15526 148
15527 148
15528 148
15529 148
15530 148
15531 148
15532 148
15556 148
15557 148
15558 148
15559 148
15560 148
15561 148
15562 148
15563 148
15564 148
15565 148
15566 148
15567 148
15568 148
15569 148
15570 148
15571 148
15575 148
15576 148
15577 148
15598 148
15617 148
15618 148
15619 148
15620 148
15621 148
15622 148
15623 148
15624 148
15625 148
15645 148
15646 148
15647 148
15648 148
15649 148
15650 148
15651 148
15652 148
15653 148
15654 148
15655 148
15656 148
15661 148
15662 148
15663 148
15664 148
15665 148
15666 148
15667 148
15668 148
15669 148
15670 148
15671 148
15672 148
15673 148
15674 148
15675 148
15676 148
15677 148
15678 148
15679 148
15680 148
15681 148
15682 148
15683 148
15684 148
15685 148
15686 148
15687 148
15688 148
15689 148
15696 148
15697 148
15698 148
15699 148
15700 148
15701 148
15702 148
15703 148
15704 148
15705 148
15706 148
15707 148
15708 148
15709 148
15710 148
15711 148
15714 148
15715 148
15726 148
15727 148
15728 148
15729 148
15730 148
16230 151
16231 151
16232 151
16461 152
16462 152
16563 154
16564 154
16565 154
16569 154
16570 154
16571 154
16572 154
16573 154
16574 154
16575 154
16576 154
16577 154
16578 154
16589 154
16642 155
16644 155
16645 155
16646 155
16647 155
16648 155
16649 155
16650 155
16651 155
16652 155
16653 155
16654 155
16655 155
16656 155
16657 155
16658 155
16685 156
16686 156
16687 156
16688 156
16689 156
16690 156
16691 156
16692 156
16693 156
16694 156
16695 156
16696 156
16697 156
16698 156
16699 156
16700 156
16701 156
16702 156
16703 156
16704 156
16705 156
16706 156
16707 156
16708 156
16709 156
16710 156
16711 156
16712 156
16713 156
16714 156
16715 156
16722 156
16723 156
16724 156
16725 156
16726 156
16727 156
16728 156
16751 157
16764 157
16765 157
16766 157
16767 157
16768 157
16773 159
16774 159
16775 159
16776 159
16777 159
16780 159
16781 159
16883 161
16884 161
16885 161
16886 161
16887 161
16888 161
16889 161
16890 161
16891 161
16892 161
16893 161
16894 161
16895 161
16896 161
16897 161
16898 161
16899 161
16900 161
16901 161
16902 161
16903 161
16904 161
16905 161
16906 161
17107 162
17108 162
17109 162
17110 162
17111 162
17112 162
17113 162
17114 162
17115 162
17116 162
17126 162
17127 162
17128 162
17129 162
17130 162
17131 162
17132 162
17133 162
17134 162
17135 162
17136 162
17137 162
17138 162
17139 162
17140 162
17141 162
17142 162
17143 162
17144 162
17145 162
17146 162
17147 162
17148 162
17149 162
17150 162
17151 162
17152 162
17153 162
17154 162
17155 162
17156 162
17157 162
17158 162
17159 162
17160 162
17161 162
17162 162
17163 162
17164 162
17165 162
17166 162
17167 162
17168 162
17169 162
17170 162
17171 162
17172 162
17173 162
17174 162
17175 162
17176 162
17177 162
17178 162
17179 162
17180 162
17181 162
17182 162
17183 162
17184 162
17185 162
17186 162
17187 162
17188 162
17189 162
17190 162
17191 162
17192 162
17193 162
17193 163
17194 162
17194 163
17195 162
17195 163
17196 162
17196 163
17197 162
17197 163
17198 162
17198 163
17199 162
17199 163
17200 162
17200 163
17201 162
17201 163
17202 162
17202 163
17203 162
17204 162
17205 162
17206 162
17207 162
17208 162
17209 162
17210 162
17211 162
17212 162
17213 162
17214 162
17214 163
17215 162
17215 163
17216 162
17216 163
17217 162
17217 163
17218 162
17218 163
17219 162
17219 163
17220 162
17220 163
17221 162
17221 163
17222 162
17222 163
17223 162
17223 163
17224 162
17225 162
17226 162
17227 162
17228 162
17229 162
17230 162
17231 162
17232 162
17233 162
17234 162
17235 162
17235 163
17236 162
17237 162
17238 162
17239 162
17240 162
17241 162
17242 162
17243 162
17244 162
17245 162
17246 162
17247 162
17248 162
17249 162
17250 162
17251 162
17252 162
17253 162
17254 162
17255 162
17256 162
17257 162
17258 162
17259 162
17260 162
17261 162
17262 162
17263 162
17264 162
17265 162
17266 162
17267 162
17268 162
17269 162
17270 162
17271 162
17272 162
17273 162
17274 162
17275 162
17276 162
17277 162
17278 162
17279 162
17280 162
17281 162
17282 162
17283 162
17284 162
17285 162
17286 162
17287 162
17288 162
17289 162
17290 162
17291 162
17292 162
17293 162
17294 162
17295 162
17296 162
17297 162
17298 162
17299 162
17300 162
17301 162
17302 162
17303 162
17304 162
17305 162
17306 162
17307 162
17308 162
17309 162
17310 162
17311 162
17312 162
17313 162
17314 162
17315 162
17316 162
17317 162
17318 162
17348 164
17349 164
17383 165
17596 171
17700 173
17724 174
17725 174
17726 174
17764 175
17783 175
17784 175
17785 175
17786 175
17787 175
17788 175
17794 175
17795 175
17796 175
17797 175
17814 175
17815 175
17816 175
17817 175
17818 175
17819 175
17820 175
17821 175
17822 175
17824 175
17825 175
17826 175
17827 175
17828 175
17829 175
17830 175
17831 175
17832 175
17833 175
17834 175
17837 175
17840 175
17841 175
17842 175
17888 177
17889 177
17890 177
17920 177
17923 177
17924 177
17925 177
17926 177
17927 177
17928 177
17929 177
17930 177
17931 177
17932 177
17933 177
17934 177
17935 177
17936 177
17937 177
17938 177
17939 177
17940 177
17941 177
17942 177
17943 177
17944 177
17945 177
17946 177
17947 177
17948 177
17949 177
17950 177
17951 177
17952 177
17953 177
17954 177
17955 177
17956 177
17956 178
17957 177
17958 177
17959 177
17960 177
17961 177
17961 179
17962 177
17962 178
17963 177
17963 178
17964 177
17964 178
17965 177
17965 178
17966 177
17966 178
17967 177
17967 178
17968 177
17968 178
17969 177
17969 178
17970 177
17970 178
17971 177
17971 178
17972 177
17972 178
17973 177
17973 178
17974 177
17974 178
17975 177
17975 178
17976 177
17976 178
17977 177
17977 178
17978 177
17978 178
17979 177
17979 178
17980 177
17980 178
17981 177
17981 178
17982 177
17982 178
17983 177
17983 178
17984 177
17984 178
17985 177
17985 178
17986 177
17986 178
17987 177
17987 178
17988 177
17988 178
17989 177
17989 178
17990 177
17990 178
17991 177
17991 178
17992 177
17993 177
17994 177
17994 178
17995 177
17996 177
17997 177
17998 177
17999 177
18000 177
18001 177
18002 177
18003 177
18004 177
18005 177
18006 177
18006 178
18007 177
18007 178
18008 177
18009 177
18010 177
18011 177
18012 177
18013 177
18013 178
18014 177
18014 178
18015 177
18015 178
18016 177
18016 178
18017 177
18018 177
18019 177
18024 178
18025 178
18026 178
18120 183
18121 183
18122 183
18123 183
18124 183
18125 183
18126 183
18127 183
18128 183
18129 183
18130 183
18131 183
18132 183
18133 183
18134 183
18135 183
18136 183
18137 183
18138 183
18139 183
18140 183
18141 183
18142 183
18143 183
18144 183
18145 183
18146 183
18147 183
18148 183
18151 183
18154 183
18156 183
18157 183
18158 183
18159 183
18193 184
18194 184
18195 184
18196 184
18197 184
18198 184
18199 184
18200 184
18201 184
18202 184
18203 184
18204 184
18205 184
18206 184
18207 184
18234 185
18235 185
18236 185
18237 185
18239 185
18241 185
18242 185
18360 186
18361 186
18362 186
18384 186
18385 186
18386 186
18387 186
18388 186
18389 186
18390 186
18391 186
18392 186
18393 186
18394 186
18395 186
18395 187
18396 186
18397 186
18398 186
18399 186
18400 186
18405 187
18406 187
18407 187
18408 186
18408 187
18409 186
18409 187
18410 186
18410 187
18411 186
18411 187
18412 186
18412 187
18413 186
18413 187
18414 186
18414 187
18415 186
18415 187
18416 186
18416 187
18417 186
18417 187
18418 186
18418 187
18419 186
18419 187
18420 186
18420 187
18421 186
18421 187
18422 186
18422 187
18423 186
18424 186
18425 186
18426 186
18427 186
18439 187
18440 187
18441 187
18442 187
18443 187
18444 187
18445 187
18446 187
18447 187
18448 187
18449 187
18450 187
18451 187
18452 187
18453 187
18454 187
18455 187
18456 187
18457 187
18458 187
18459 187
18460 187
18461 187
18462 187
18463 187
18464 187
18465 187
18466 187
18467 187
18468 187
18469 187
18470 187
18471 187
18472 187
18473 187
18474 187
18475 187
18476 187
18477 187
18478 187
18479 187
18480 187
18481 187
18482 187
18483 187
18484 187
18485 187
18486 187
18487 187
18488 187
18489 187
18490 187
18491 187
18492 187
18493 187
18494 187
18496 187
18497 187
18498 187
18499 187
18500 187
18501 187
18502 187
18503 187
18504 187
18505 187
18506 187
18507 187
18508 187
18509 187
18510 187
18511 187
18512 187
18513 187
18514 187
18515 187
18516 187
18517 187
18518 187
18519 187
18520 187
18521 187
18522 187
18523 187
18524 187
18525 187
18526 187
18527 187
18527 190
18528 187
18528 190
18529 187
18529 190
18530 187
18530 190
18531 187
18531 190
18532 187
18532 190
18533 187
18534 187
18535 187
18536 187
18537 187
18538 187
18539 187
18540 187
18541 187
18542 187
18543 187
18544 187
18545 187
18546 187
18547 187
18548 187
18549 187
18550 187
18551 187
18552 187
18553 187
18554 187
18555 187
18556 187
18557 187
18558 187
18559 187
18560 187
18561 187
18562 187
18563 187
18564 187
18565 187
18566 187
18567 187
18568 187
18569 187
18570 187
18571 187
18572 187
18573 187
18574 187
18575 187
18576 187
18577 187
18578 187
18579 187
18580 187
18581 187
18582 187
18583 187
18584 187
18585 187
18586 187
18587 187
18588 187
18589 187
18590 187
18591 187
18592 187
18593 187
18594 187
18595 187
18596 187
18597 187
18598 187
18599 187
18600 187
18601 187
18602 187
18603 187
18604 187
18605 187
18606 187
18607 187
18608 187
18609 187
18610 187
18611 187
18612 187
18613 187
18614 187
18615 187
18616 187
18617 187
18618 187
18619 187
18620 187
18621 187
18622 187
18623 187
18624 187
18625 187
18626 187
18701 191
18702 191
18703 191
18705 191
18706 191
18707 191
18711 194
18712 191
18712 194
18713 191
18724 195
18725 195
18726 195
18727 195
18728 195
18731 195
18736 196
18737 196
18738 196
18739 196
18740 196
18741 196
18749 196
18750 196
18758 196
18759 196
18760 196
18761 196
18762 196
18768 196
18769 196
18770 196
18771 196
18772 196
18773 196
18774 196
18775 196
18776 196
18777 196
18778 196
18779 196
18780 196
18781 196
18782 196
18783 196
18784 196
18785 196
18786 196
18787 196
18788 196
18789 196
18790 196
18791 196
18825 197
18826 197
18827 197
18828 197
18858 197
18859 197
18860 197
18861 197
18862 197
18863 197
18864 197
18865 197
18866 197
18867 197
18868 197
19124 199
19125 199
19126 199
19127 199
19128 199
19129 199
19130 199
19131 199
19132 199
19133 199
19134 199
19135 199
19136 199
19137 199
19144 199
19145 199
19146 199
19147 199
19148 199
19149 199
19150 199
19151 199
19152 199
19153 199
19154 199
19155 199
19156 199
19157 199
19161 199
19162 199
19163 199
19164 199
19165 199
19166 199
19167 199
19168 199
19169 199
19170 199
19171 199
19172 199
19173 199
19174 199
19175 199
19176 199
19177 199
19178 199
19179 199
19180 199
19220 200
19221 200
19222 200
19223 200
19224 200
19225 200
19226 200
19227 200
19228 200
19229 200
19230 200
19231 200
19232 200
19233 200
19234 200
19235 200
19236 200
19237 200
19238 200
19239 200
19240 200
19241 200
19242 200
19243 200
19254 200
19255 200
19256 200
19294 202
19295 202
19296 202
19297 202
19298 202
19299 202
19300 202
19301 202
19302 202
19303 202
19304 202
19305 202
19306 202
19307 202
19308 202
19309 202
19310 202
19311 202
19312 202
19313 202
19314 202
19315 202
19316 202
19317 202
19318 202
19319 202
19320 202
19373 204
19374 204
19375 204
19376 204
19377 204
19378 204
19379 204
19380 204
19381 204
19382 204
19383 204
19384 204
19385 204
19386 204
19589 205
19590 205
19591 205
19606 205
19607 205
19608 205
19609 205
19610 205
19611 205
19612 205
19613 205
19614 205
19615 205
19616 205
19617 205
19618 205
19619 205
19620 205
19621 205
19622 205
19623 205
19624 205
19625 205
19626 205
19627 205
19628 205
19629 205
19630 205
19631 205
19632 205
19633 205
19634 205
19635 205
19636 205
19637 205
19638 205
19639 205
19640 205
19641 205
19642 205
19643 205
19644 205
19645 205
19646 205
19647 205
19648 205
19649 205
19650 205
19651 205
19652 205
19653 205
19654 205
19655 205
19656 205
19657 205
19658 205
19659 205
19660 205
19661 205
19662 205
19663 205
19664 205
19665 205
19666 205
19667 205
19668 205
19669 205
19670 205
19671 205
19672 205
19673 205
19674 205
19675 205
19676 205
19677 205
19678 205
19679 205
19680 205
19681 205
19682 205
19683 205
19684 205
19685 205
19686 205
19687 205
19688 205
19693 206
19694 206
19695 206
19696 206
19697 206
19698 206
19699 206
19700 206
19701 206
19702 206
19703 206
19704 206
19705 206
19706 206
19707 206
19708 206
19709 206
19710 206
19711 206
19712 206
19713 206
19714 206
19715 206
19716 206
19717 206
19718 206
19719 206
19720 206
19721 206
19722 206
19723 206
19724 206
19725 206
19726 206
19727 206
19728 206
19729 206
19730 206
19731 206
19732 206
19733 206
19734 206
19735 206
19736 206
19737 206
19738 206
19739 206
19740 206
19741 206
19742 206
19743 206
19744 206
19745 206
19746 206
19747 206
19748 206
19749 206
19750 206
19751 206
19752 206
19753 206
19754 206
19755 206
19756 206
19757 206
19758 206
19759 206
19760 206
19761 206
19762 206
19763 206
19764 206
19765 206
19766 206
19767 206
19768 206
19769 206
19770 206
19771 206
19772 206
19773 206
19774 206
19775 206
19776 206
19777 206
19778 206
19779 206
19780 206
19781 206
19782 206
19783 206
19784 206
19785 206
19786 206
19885 207
19886 207
19990 209
19991 209
20028 211
20029 211
20030 211
20031 211
20032 211
20033 211
20034 211
20035 211
20036 211
20037 211
20038 211
20039 211
20040 211
20041 211
20042 211
20043 211
20044 211
20045 211
20046 211
20047 211
20048 211
20049 211
20050 211
20051 211
20052 211
20053 211
20054 211
20055 211
20056 211
20057 211
20058 211
20059 211
20060 211
20067 211
20081 211
20082 211
20083 211
20084 211
20085 211
20086 211
20087 211
20088 211
20089 211
20090 211
20091 211
20092 211
20093 211
20094 211
20095 211
20096 211
20097 211
20100 211
20101 211
20102 211
20103 211
20104 211
20105 211
20106 211
20107 211
20178 213
20179 213
20180 213
20182 213
20183 213
20184 213
20185 213
20186 213
20188 213
20189 213
20190 213
20191 213
20195 213
20196 213
20197 213
