3 1
4 1
5 1
6 1
7 1
8 1
9 1
10 1
11 1
12 1
12 2
13 1
13 2
14 1
14 2
15 1
15 2
16 1
16 2
17 1
17 2
18 1
18 2
19 1
20 1
21 1
22 1
23 1
24 1
25 1
26 1
27 1
28 1
29 1
30 1
31 1
32 1
33 1
34 1
35 1
35 3
36 1
36 3
37 1
37 3
38 1
39 3
40 3
41 3
42 3
43 3
45 1
46 1
47 1
48 1
49 1
50 1
50 4
51 1
51 4
52 1
52 4
53 1
53 4
54 4
54 5
55 4
55 5
56 4
56 5
57 4
57 5
58 4
58 5
59 4
59 5
60 4
60 5
60 6
61 4
61 5
62 4
62 5
63 4
64 4
64 5
65 4
66 5
67 5
68 5
69 4
70 4
71 4
72 4
73 4
74 4
75 4
76 4
77 4
78 4
79 4
80 4
81 4
82 4
83 4
84 4
85 4
86 4
87 4
88 4
89 4
90 4
91 4
92 4
93 4
94 4
94 7
95 4
95 7
96 4
96 7
97 4
98 4
98 7
99 4
99 7
100 4
100 7
100 8
101 4
101 7
102 4
102 7
102 8
103 4
103 7
104 4
104 8
105 4
105 8
106 4
106 8
107 4
107 8
108 4
108 8
109 8
110 8
110 9
111 8
111 9
112 8
112 9
112 10
113 8
113 9
113 10
114 8
114 9
114 10
115 8
115 9
116 8
116 10
117 8
117 9
117 10
118 8
118 9
118 10
119 8
119 9
119 10
120 8
120 9
120 10
121 8
121 9
121 10
122 8
122 9
122 10
123 8
123 9
123 10
124 8
124 9
124 10
125 8
125 9
125 10
126 8
126 9
126 10
127 8
127 9
127 10
128 8
128 9
128 10
129 8
129 9
129 10
130 8
130 9
130 10
131 8
131 9
131 10
132 8
132 10
132 15
132 16
133 8
133 10
133 15
134 8
134 10
134 15
135 8
135 10
135 15
136 8
137 8
138 8
139 8
139 15
140 8
141 8
143 8
145 8
457 17
473 19
474 19
475 19
476 19
477 17
477 19
478 17
479 19
481 17
482 17
483 17
483 20
484 17
484 20
485 17
485 20
486 17
486 20
487 17
487 20
488 17
488 20
489 17
489 20
490 20
491 17
491 22
492 17
493 22
494 22
495 22
496 22
496 23
497 22
498 22
499 22
500 22
501 22
502 22
503 22
504 22
505 22
506 22
507 22
508 22
509 22
510 22
511 22
512 20
512 22
513 20
514 22
515 22
516 22
517 22
518 22
519 22
520 22
521 17
521 22
522 17
522 22
523 17
523 22
523 27
524 17
524 22
525 22
525 27
526 22
526 27
527 22
528 22
528 27
529 22
529 27
530 22
530 27
531 22
531 27
532 17
532 22
532 27
533 17
533 20
533 22
533 27
534 17
534 20
534 22
535 17
535 22
535 27
536 17
536 22
536 27
537 17
537 22
538 22
538 27
539 22
539 27
540 22
540 27
541 17
541 20
541 22
541 27
542 17
542 20
542 22
542 27
543 17
543 20
543 22
543 27
543 28
543 30
544 17
544 20
544 22
544 27
544 28
544 30
545 17
545 20
545 22
545 27
545 28
546 17
546 22
546 27
546 28
546 30
547 17
547 22
547 27
547 28
548 22
548 27
548 28
548 30
549 22
549 27
549 28
549 30
550 22
550 27
550 28
550 30
551 22
551 27
551 28
551 30
552 22
552 27
552 28
552 30
553 22
553 27
553 28
553 30
554 22
554 27
554 28
555 22
555 27
555 28
556 22
556 27
556 28
557 22
557 27
558 22
558 27
559 22
559 27
559 28
560 22
560 27
561 22
561 28
562 22
562 27
562 28
563 22
563 27
563 28
564 22
564 27
564 28
565 22
565 27
565 28
566 22
566 27
566 28
567 22
567 27
567 28
568 22
568 27
569 22
569 27
569 28
570 22
570 27
571 22
571 28
572 22
572 28
573 22
573 28
573 30
574 22
574 28
574 30
575 22
575 28
576 22
576 28
577 17
577 22
577 28
578 17
578 22
578 28
579 17
579 22
579 28
580 17
580 22
580 28
581 17
581 22
581 28
582 17
582 22
582 28
583 17
583 22
583 28
584 17
584 22
584 27
584 28
585 17
585 22
585 27
585 28
586 17
586 22
586 27
586 28
587 17
587 22
587 27
587 28
588 17
588 22
588 27
588 28
588 32
589 17
589 22
589 27
589 28
589 32
590 17
590 22
590 27
590 28
590 32
591 17
591 22
591 27
591 28
591 32
592 17
592 22
592 27
592 28
592 32
593 17
593 22
593 27
593 28
593 32
594 17
594 22
594 27
594 28
595 17
595 22
595 27
595 32
596 17
596 22
596 27
596 32
597 17
597 22
597 27
597 32
598 17
598 22
598 27
598 32
599 17
599 22
599 27
600 22
600 27
601 22
601 32
602 22
602 32
603 22
603 32
604 22
604 32
605 22
605 32
606 22
606 32
607 22
607 32
608 22
608 32
609 17
609 22
609 32
610 17
610 22
610 28
610 32
611 22
611 28
611 32
612 17
612 22
612 28
613 17
613 22
613 28
613 32
614 17
614 22
614 28
614 32
615 17
615 22
615 28
615 32
616 22
616 28
616 32
616 36
617 22
617 28
617 32
617 36
618 22
618 28
618 32
618 36
618 38
619 22
619 28
619 32
619 36
619 38
620 22
620 28
620 32
620 36
620 38
621 22
621 28
621 32
621 36
622 22
622 32
622 36
622 38
623 22
623 32
623 36
623 38
624 22
624 32
624 36
624 38
625 22
625 32
625 36
625 38
626 22
626 32
626 36
626 38
627 22
627 32
627 38
628 22
628 32
628 38
628 41
629 22
629 32
629 38
630 22
630 32
631 22
631 32
632 22
632 32
633 22
634 22
635 22
636 22
637 22
638 22
639 22
640 22
641 22
642 22
643 22
643 36
644 22
644 36
645 22
645 36
645 42
646 22
646 36
646 42
647 22
647 36
647 42
648 22
649 22
650 22
651 22
652 22
653 22
654 22
655 22
656 22
675 36
676 36
677 36
678 36
914 46
915 46
919 46
920 46
921 46
922 46
923 46
924 46
925 46
926 46
927 46
928 46
929 46
930 46
931 46
932 46
933 46
934 46
935 46
939 46
950 46
951 46
952 46
953 46
963 47
964 47
965 47
966 47
967 47
968 47
969 47
970 47
971 47
972 47
973 47
974 47
975 47
976 47
977 47
978 47
979 47
980 47
981 47
982 47
983 47
1009 48
1010 48
1011 48
1012 48
1017 48
1018 48
1019 48
1020 48
1021 48
1022 48
1023 48
1027 48
1028 48
1029 48
1030 48
1031 48
1032 48
1033 48
1034 48
1035 48
1036 48
1037 48
1038 48
1039 48
1040 48
1041 48
1042 48
1043 48
1044 48
1045 48
1046 48
1047 48
1048 48
1049 48
1050 48
1051 48
1052 48
1053 48
1054 48
1055 48
1056 48
1057 48
1058 48
1059 48
1060 48
1591 49
1592 49
1593 49
1594 49
1595 49
1596 49
1597 49
1598 49
1599 49
1600 49
1607 49
1611 49
1612 49
1613 49
1614 49
1615 49
1618 49
1619 49
1620 49
1621 49
1622 49
1626 49
1627 49
1628 49
1629 49
1630 49
1631 49
1632 49
1633 49
1634 49
1635 49
1636 49
1637 49
1638 49
1639 49
1640 49
1641 49
1642 49
1643 49
1644 49
1645 49
1646 49
1647 49
1648 49
1649 49
1650 49
1651 49
1652 49
1653 49
1654 49
1655 49
1656 49
1657 49
1661 49
1662 49
1663 49
1664 49
1665 49
1666 49
1667 49
1668 49
1669 49
1670 49
1671 49
1672 49
1673 49
1678 49
1679 49
1680 49
1681 49
1682 49
1683 49
1684 49
1685 49
1686 49
1687 49
1688 49
1689 49
1690 49
1691 49
1692 49
1693 49
1694 49
1695 49
1696 49
1697 49
1772 51
1773 51
1774 51
1775 51
1776 51
1777 51
1785 51
1786 51
1787 51
1788 51
1789 51
1790 51
1791 51
1792 51
1793 51
1794 51
1795 51
1796 51
1797 51
1798 51
1799 51
1800 51
1801 51
1802 51
1803 51
1804 51
1805 51
1806 51
1807 51
1808 51
1809 51
1810 51
1811 51
1812 51
1813 51
1814 51
1815 51
1816 51
1817 51
1818 51
1819 51
1820 51
1821 51
1822 51
1823 51
1824 51
1825 51
1826 51
1827 51
1828 51
1829 51
1830 51
1831 51
1832 51
1833 51
1834 51
1835 51
1836 51
1837 51
1838 51
1839 51
1840 51
1841 51
1842 51
1843 51
1844 51
1845 51
1846 51
1847 51
1848 51
1849 51
1850 51
1851 51
1852 51
1853 51
1854 51
1855 51
1856 51
1857 51
1858 51
1859 51
1860 51
1861 51
1862 51
1863 51
1864 51
1865 51
1866 51
1867 51
1868 51
1869 51
1870 51
1871 51
1872 51
1873 51
1874 51
1875 51
1876 51
1877 51
1878 51
1879 51
1880 51
1881 51
1882 51
1883 51
1884 51
1885 51
1886 51
1887 51
1888 51
1889 51
1890 51
1891 51
1892 51
1893 51
1894 51
1895 51
1896 51
1897 51
1898 51
1899 51
1900 51
1901 51
1902 51
1903 51
1904 51
1905 51
1906 51
1907 51
1908 51
1909 51
1910 51
1911 51
1912 51
1913 51
1914 51
1915 51
1916 51
1919 51
1920 51
1921 51
1922 51
1923 51
1924 51
1925 51
1926 51
1927 51
1928 51
1929 51
1930 51
1931 51
1932 51
1933 51
1934 51
1935 51
1936 51
1937 51
1938 51
1939 51
1940 51
1941 51
1942 51
1943 51
1944 51
1945 51
1946 51
1947 51
1948 51
1949 51
1950 51
1951 51
1952 51
1959 51
1960 51
1961 51
1962 51
1963 51
1964 51
1965 51
1966 51
1967 51
1968 51
1969 51
1981 51
1982 51
1983 51
1984 51
1985 51
1986 51
1990 51
1991 51
1992 51
1993 51
1994 51
1995 51
1996 51
1997 51
1998 51
2002 51
2113 52
2126 52
2136 52
2137 52
2217 53
2218 53
2219 53
2220 53
2221 53
2222 53
2223 53
2224 53
2225 53
2226 53
2227 53
2228 53
2229 53
2230 53
2231 53
2235 54
2235 55
2236 54
2236 55
2237 53
2237 54
2237 55
2238 53
2239 54
2240 54
2241 53
2241 54
2241 55
2242 53
2242 55
2243 53
2243 55
2243 57
2244 53
2244 54
2244 55
2244 57
2245 53
2245 54
2245 55
2245 57
2246 55
2246 57
2247 53
2247 57
2247 59
2248 53
2249 53
2249 57
2250 53
2250 54
2251 54
2252 57
2253 54
2253 57
2254 54
2254 57
2255 54
2255 57
2256 54
2256 57
2256 58
2257 54
2258 54
2259 54
2260 54
2261 54
2262 53
2262 54
2262 60
2263 53
2264 54
2265 53
2265 54
2266 53
2266 54
2267 53
2267 54
2268 53
2268 54
2269 53
2269 54
2269 62
2270 53
2270 54
2270 62
2271 53
2271 54
2271 62
2272 53
2272 54
2272 62
2273 53
2273 54
2273 55
2273 62
2274 53
2274 54
2274 55
2274 62
2275 53
2275 54
2275 55
2275 62
2276 53
2276 54
2276 55
2276 62
2277 53
2277 54
2277 55
2277 62
2278 53
2278 54
2278 55
2278 62
2279 53
2279 54
2279 55
2279 62
2280 53
2280 54
2280 55
2280 62
2281 53
2281 54
2281 55
2281 62
2282 53
2282 54
2282 55
2282 62
2283 53
2283 54
2283 55
2283 62
2284 53
2284 54
2284 55
2284 62
2285 53
2285 54
2285 55
2285 62
2286 53
2286 54
2286 55
2286 62
2287 53
2287 54
2287 55
2288 53
2288 54
2288 55
2288 62
2289 53
2289 54
2289 55
2290 53
2290 54
2290 55
2291 53
2291 54
2291 55
2292 53
2292 54
2292 55
2293 53
2293 54
2293 55
2293 65
2294 53
2294 54
2294 55
2294 65
2295 53
2295 54
2295 55
2295 65
2296 53
2296 54
2296 55
2296 65
2297 53
2297 54
2297 55
2298 53
2489 67
2495 68
2496 68
2496 69
2497 68
2498 69
2499 67
2499 69
2500 67
2501 69
2502 69
2504 69
2505 69
2506 69
2507 69
2508 69
2509 69
2510 70
2511 70
2513 70
2513 72
2514 70
2514 72
2515 70
2515 72
2516 68
2516 70
2516 72
2517 68
2517 70
2517 72
2518 68
2518 70
2518 72
2519 68
2519 69
2519 70
2520 68
2520 69
2521 68
2521 70
2522 70
2523 70
2523 72
2523 73
2524 69
2524 70
2524 72
2525 69
2525 70
2525 73
2526 69
2526 70
2526 73
2527 69
2527 70
2527 73
2528 69
2528 70
2528 73
2529 69
2529 70
2529 73
2530 69
2530 70
2531 70
2532 70
2532 73
2533 70
2533 73
2534 70
2534 73
2535 69
2535 70
2535 73
2536 69
2536 70
2536 73
2537 69
2537 70
2537 73
2538 69
2538 70
2538 73
2539 69
2539 70
2539 73
2540 69
2540 70
2540 73
2541 69
2541 70
2541 73
2542 69
2542 70
2542 73
2543 69
2543 70
2544 69
2544 73
2545 69
2545 73
2546 69
2546 73
2547 69
2547 73
2548 69
2548 73
2549 68
2549 69
2549 73
2550 68
2551 73
2552 73
2553 73
2554 73
2555 73
2556 73
2557 73
2558 73
2559 73
2560 73
2561 73
2562 68
2562 73
2563 68
2563 70
2563 73
2564 68
2564 70
2564 73
2565 68
2565 70
2565 73
2565 78
2566 68
2566 70
2566 73
2566 78
2567 68
2567 70
2567 73
2567 78
2568 68
2568 70
2568 73
2569 68
2569 70
2569 73
2570 68
2570 70
2570 73
2571 68
2571 70
2571 73
2571 80
2572 68
2572 70
2572 73
2573 68
2573 70
2573 73
2574 68
2574 70
2574 73
2575 68
2575 69
2575 70
2575 73
2576 68
2576 69
2576 70
2576 73
2577 68
2577 69
2577 70
2577 73
2578 68
2578 69
2578 70
2578 73
2579 68
2579 70
2579 73
2580 68
2580 70
2580 73
2581 68
2581 70
2582 68
2582 73
2583 68
2583 73
2584 68
2584 73
2585 68
2585 73
2586 68
2586 69
2586 73
2587 68
2587 69
2587 73
2588 68
2588 69
2588 73
2589 69
2589 73
2590 69
2590 73
2591 69
2591 73
2592 69
2592 73
2593 69
2593 73
2594 68
2594 69
2594 73
2595 68
2595 73
2595 80
2596 68
2596 73
2597 73
2597 80
2598 73
2598 80
2599 68
2599 73
2599 80
2600 68
2600 73
2601 68
2601 73
2601 80
2602 68
2602 73
2603 68
2603 73
2604 68
2604 73
2605 68
2605 73
2606 68
2606 73
2607 68
2607 73
2608 68
2608 69
2608 73
2609 68
2609 69
2609 73
2610 68
2610 73
2610 80
2611 68
2611 73
2611 80
2612 68
2612 73
2612 80
2613 68
2613 73
2613 80
2614 68
2614 73
2614 80
2615 68
2615 73
2615 80
2616 68
2616 73
2616 80
2617 68
2617 73
2617 80
2618 68
2618 73
2618 80
2619 68
2619 69
2619 73
2619 80
2620 68
2620 69
2620 73
2621 68
2621 69
2621 73
2621 80
2622 68
2622 69
2622 73
2622 80
2623 68
2623 69
2623 73
2623 80
2624 68
2624 69
2624 73
2624 80
2625 68
2625 69
2625 73
2625 80
2626 68
2626 69
2626 73
2627 68
2627 69
2627 73
2627 80
2628 68
2628 69
2628 73
2628 80
2629 68
2629 69
2629 73
2629 80
2629 86
2630 68
2630 69
2630 73
2630 80
2630 86
2631 68
2631 69
2632 73
2632 80
2632 86
2633 68
2633 73
2633 80
2633 86
2634 68
2634 73
2634 80
2634 86
2635 68
2635 73
2635 80
2636 73
2638 80
2642 80
3022 87
3023 87
3024 87
3025 87
3026 87
3027 87
3028 87
3029 87
3030 87
3031 87
3032 87
3033 87
3033 88
3034 87
3034 88
3035 87
3035 88
3036 87
3036 88
3037 87
3037 88
3038 87
3038 88
3039 87
3039 88
3040 87
3040 88
3041 87
3041 88
3042 87
3042 88
3043 87
3043 88
3044 87
3044 88
3045 87
3046 89
3047 89
3048 89
3049 89
3050 89
3051 89
3052 89
3053 89
3054 89
3055 89
3056 89
3057 89
3058 89
3059 89
3060 89
3061 89
3062 89
3063 89
3064 89
3065 89
3066 89
3067 89
3068 89
3069 89
3070 89
3071 89
3078 91
3079 91
3080 91
3081 91
3082 91
3083 91
3084 91
3085 91
3086 91
3087 91
3088 91
3089 91
3090 91
3091 91
3092 91
3092 92
3093 91
3093 92
3094 91
3095 92
3096 92
3097 92
3098 92
3110 92
3111 92
3112 92
3113 92
3114 92
3115 92
3116 92
3117 91
3117 92
3118 91
3118 92
3119 91
3119 92
3120 91
3120 92
3121 91
3121 92
3122 91
3122 92
3125 92
3144 92
3147 92
3148 92
3150 92
3151 92
3152 92
3153 92
3154 92
3155 92
3156 92
3157 92
3158 92
3159 92
3161 92
3162 92
3163 92
3164 92
3165 92
3166 92
3169 92
3170 92
3171 92
3172 92
3173 92
3174 92
3175 92
3176 92
3177 92
3178 92
3179 92
3180 92
3181 92
3182 92
3183 92
3184 92
3185 92
3186 92
3187 92
3188 92
3189 92
3190 92
3191 92
3192 92
3193 92
3193 94
3194 92
3194 94
3195 92
3195 94
3196 92
3197 92
3744 102
3745 102
3749 104
3750 104
3751 104
3752 104
3752 106
3753 104
3753 106
3754 104
3754 106
3755 106
3755 108
3756 106
3756 108
3757 108
3761 111
3762 111
3763 111
3764 111
3765 111
3766 111
3767 111
3768 111
3768 114
3769 111
3769 114
3769 116
3770 111
3770 114
3770 116
3771 111
3771 114
3771 116
3772 111
3772 114
3773 111
3773 114
3773 117
3774 111
3774 114
3775 111
3775 114
3775 117
3776 111
3776 114
3777 111
3777 114
3778 111
3779 111
3780 111
3781 111
3782 111
3782 118
3783 118
3784 118
3785 118
3786 106
3786 117
3786 118
3787 106
3787 117
3787 120
3788 106
3788 117
3789 106
3789 117
3789 120
3790 106
3790 117
3791 106
3791 117
3792 106
3792 117
3793 106
3793 117
3794 106
3794 117
3795 106
3795 117
3796 106
3796 117
3797 106
3797 117
3798 106
3798 117
3799 106
3799 117
3800 106
3800 117
3801 106
3801 117
3802 106
3802 117
3803 106
3803 111
3803 117
3803 118
3803 122
3804 106
3804 111
3804 117
3804 118
3805 106
3805 111
3805 117
3805 118
3806 106
3806 111
3806 117
3806 122
3807 106
3807 111
3807 117
3807 122
3808 106
3808 111
3808 117
3808 122
3809 106
3809 111
3809 117
3809 122
3810 106
3810 111
3810 117
3811 106
3811 111
3811 117
3812 106
3812 111
3812 117
3813 106
3813 111
3813 117
3814 106
3814 111
3814 117
3815 106
3815 111
3815 117
3816 106
3816 111
3816 117
3817 106
3817 111
3817 117
3817 123
3818 106
3818 111
3818 117
3818 122
3818 123
3819 106
3819 111
3819 117
3819 122
3820 106
3820 111
3820 117
3820 123
3821 106
3821 111
3821 117
3821 123
3822 106
3822 111
3822 117
3822 122
3822 123
3823 106
3823 111
3823 117
3823 122
3823 123
3823 124
3824 106
3824 111
3824 117
3824 122
3824 123
3825 106
3825 111
3825 117
3825 123
3825 124
3826 106
3826 111
3826 117
3826 123
3826 124
3827 106
3827 111
3827 117
3827 123
3828 106
3828 111
3828 123
3829 106
3829 111
3829 123
3830 106
3830 111
3831 106
3831 123
3832 106
3832 111
3833 106
3833 111
3833 122
3834 106
3834 111
3834 122
3835 106
3835 111
3835 122
3836 106
3836 111
3836 122
3837 106
3837 111
3838 106
3838 111
3839 106
3839 111
3840 106
3840 111
3841 106
3841 111
3842 106
3842 111
3843 106
3843 111
3843 126
3844 106
3844 111
3845 106
3845 111
3846 106
3846 111
3847 106
3847 111
3847 122
3848 106
3848 111
3849 106
3849 111
3850 106
3850 111
3851 106
3851 111
3852 106
3852 111
3853 106
3853 111
3854 111
3854 122
3855 111
3856 111
3856 122
3857 111
3857 122
3858 111
3858 122
3859 111
3860 122
3861 122
3862 111
3862 122
3863 111
3863 122
3864 111
3864 122
3865 111
3865 122
3866 111
3866 127
3867 111
3868 111
3868 127
3869 111
3870 111
3871 111
3872 111
3873 111
4030 131
4063 132
4064 132
4065 132
4066 132
4067 132
4068 132
4069 132
4070 132
4071 132
4072 132
4073 132
4073 135
4074 132
4074 135
4074 137
4075 132
4075 135
4075 137
4076 132
4076 135
4076 137
4076 138
4077 132
4077 135
4077 137
4077 138
4077 139
4078 132
4078 135
4078 137
4079 132
4079 135
4079 138
4079 140
4080 132
4080 135
4080 138
4080 139
4081 132
4081 135
4081 139
4082 135
4082 139
4082 140
4083 135
4083 139
4084 135
4084 140
4085 135
4085 140
4086 135
4086 140
4087 135
4087 140
4088 135
4088 140
4089 135
4089 140
4090 135
4090 140
4091 135
4091 137
4092 135
4092 137
4093 135
4093 137
4094 135
4094 137
4095 135
4095 137
4096 135
4096 137
4097 135
4097 137
4098 135
4099 137
4100 137
4101 137
4102 137
4103 137
4104 137
4105 137
4106 137
4107 132
4107 137
4108 132
4108 137
4109 132
4109 137
4110 132
4111 137
4112 137
4113 137
4114 137
4115 137
4116 137
4117 137
4118 137
4119 137
4120 137
4121 137
4122 137
4123 137
4124 137
4125 137
4126 137
4127 137
4128 137
4129 137
4130 137
4131 137
4132 137
4133 137
4134 137
4135 137
4136 137
4137 137
4138 137
4139 137
4140 137
4141 137
4142 137
4143 137
4144 137
4145 137
4146 137
4147 137
4148 137
4149 137
4150 137
4151 137
4152 137
4153 137
4154 137
4155 137
4156 137
4157 137
4158 137
4159 137
4160 137
4161 137
4162 137
4163 137
4164 137
4165 137
4166 137
4167 137
4168 137
4169 137
4170 137
4171 137
4172 137
4173 137
4174 137
4175 137
4176 137
4177 137
4178 137
4179 137
4180 137
4181 137
4182 137
4183 137
4184 137
4185 137
4186 137
4187 137
4188 137
4189 137
4190 137
4191 137
4192 137
4193 137
4194 137
4195 137
4196 137
4197 137
4198 137
4199 137
4200 137
4201 137
4202 137
4203 137
4203 144
4204 137
4204 144
4205 137
4205 144
4206 137
4206 144
4207 137
4207 144
4208 137
4208 144
4209 137
4209 144
4210 137
4210 144
4211 137
4212 137
4213 137
4214 137
4214 144
4215 137
4215 144
4216 137
4216 144
4217 137
4217 144
4218 137
4219 137
4220 137
4221 137
4222 137
4222 144
4223 137
4223 144
4224 137
4224 144
4225 137
4225 144
4226 137
4226 144
4227 137
4227 144
4228 137
4228 144
4229 137
4229 144
4230 137
4230 144
4231 137
4231 144
4232 137
4232 144
4232 145
4233 137
4233 144
4234 137
4234 145
4235 137
4236 137
4236 144
4237 137
4237 144
4238 137
4239 137
4240 137
4241 137
4242 137
4243 137
4244 137
4245 137
4246 137
4247 137
4248 137
4249 137
4250 137
4251 137
4252 137
4253 137
4254 137
4255 137
4256 137
4257 137
4258 137
4259 137
4260 137
4261 137
4262 137
4263 137
4264 137
4265 137
4266 137
4267 137
4268 137
4269 137
4270 137
4271 137
4272 137
4273 137
4274 137
4275 137
4276 137
4277 137
4278 137
4279 137
4280 137
4281 137
4282 137
4283 137
4284 137
4285 137
4286 137
4287 137
4288 137
4289 137
4290 137
4291 137
4292 137
4293 137
4294 137
4295 137
4296 137
4297 137
4298 137
4299 137
4300 137
4301 137
4302 137
4303 137
4304 137
4305 137
4306 137
4307 137
4308 137
4309 137
4310 137
4311 137
4311 146
4312 137
4312 146
4313 137
4313 146
4314 137
4314 146
4315 137
4315 146
4316 137
4317 137
4319 146
4320 146
4323 146
4336 137
4338 146
4339 146
4342 146
4343 146
4352 146
4353 146
4354 137
4366 150
4367 150
4368 150
4369 150
4369 152
4369 153
4369 154
4370 150
4370 152
4370 153
4370 154
4371 150
4371 152
4371 153
4372 150
4372 152
4372 153
4373 150
4373 152
4373 153
4374 150
4374 152
4374 153
4375 150
4375 152
4375 153
4376 150
4376 152
4377 152
4377 153
4378 150
4378 152
4379 150
4379 153
4380 150
4380 152
4381 152
4381 153
4382 153
4383 153
4383 156
4384 153
4384 156
4385 152
4385 153
4386 152
4386 153
4386 159
4387 152
4387 153
4387 159
4388 152
4388 153
4388 159
4389 152
4389 153
4389 159
4390 153
4390 159
4390 160
4391 150
4391 153
4391 159
4392 150
4392 153
4392 159
4393 153
4393 159
4393 160
4394 152
4394 153
4394 159
4394 160
4395 152
4395 153
4395 159
4396 152
4396 153
4396 159
4397 152
4397 153
4397 159
4398 152
4398 153
4399 153
4399 159
4399 160
4400 152
4400 153
4400 159
4401 152
4401 153
4401 159
4402 152
4402 153
4402 159
4403 152
4403 153
4403 159
4404 152
4404 153
4404 159
4405 152
4405 153
4405 159
4406 152
4406 153
4406 159
4407 152
4407 153
4407 159
4408 152
4408 153
4408 159
4409 152
4409 153
4409 159
4410 152
4410 153
4411 152
4411 159
4412 152
4412 159
4413 152
4413 159
4414 152
4414 159
4415 152
4416 152
4417 152
4418 152
4419 152
4420 152
4422 152
4423 152
4430 162
4431 162
4432 162
4433 162
4434 162
4435 162
4441 152
4442 152
4443 152
4444 152
4445 152
4446 152
4447 152
4450 152
4451 152
4452 165
4453 165
4454 165
4454 166
4455 165
4455 166
4456 165
4456 166
4457 165
4457 166
4458 165
4458 166
4459 165
4459 166
4460 165
4460 166
4461 165
4461 166
4462 165
4462 166
4463 165
4463 166
4464 165
4464 166
4465 165
4465 166
4466 165
4466 166
4467 165
4468 165
4469 165
4470 165
4471 165
4472 165
4473 165
4481 165
4482 165
4483 165
4484 165
4485 165
4490 165
4491 165
4491 166
4492 165
4492 166
4493 165
4493 166
4494 165
4494 166
4495 165
4495 166
4496 165
4496 166
4497 165
4497 166
4498 165
4498 166
4499 165
4499 166
4500 165
4500 166
4501 165
4501 166
4502 165
4502 166
4503 165
4503 166
4504 165
4504 166
4505 165
4505 166
4506 165
4506 166
4507 165
4508 165
4508 166
4509 165
4509 166
4510 165
4511 165
4512 165
4513 165
4514 165
4515 165
4516 165
4517 165
4517 166
4518 165
4518 166
4519 165
4519 166
4520 165
4520 166
4521 165
4522 165
4523 165
4524 165
4525 165
4526 165
4527 165
4528 165
4529 165
4530 165
4531 165
4531 167
4532 165
4532 167
4533 165
4533 167
4534 165
4534 167
4535 165
4535 167
4536 165
4536 167
4537 165
4537 167
4538 165
4539 167
4540 167
4541 167
4542 167
4543 167
4544 167
4545 167
4546 167
4547 167
4548 167
4549 167
4550 167
4551 167
4552 167
4553 167
4554 167
4555 167
4556 167
4557 167
4558 167
4559 167
4560 167
4561 167
4562 167
4563 167
4564 167
4565 167
4566 167
4567 167
4568 167
4569 167
4570 167
4571 167
4572 167
4573 167
4574 167
4575 167
4576 167
4577 167
4578 167
4579 167
4580 167
4581 167
4582 167
4583 167
4584 167
4585 167
4586 167
4587 167
4588 167
4589 167
4590 167
4591 167
4592 167
4593 167
4594 167
4595 167
4596 167
4597 167
4598 167
4599 167
4600 167
4601 167
4601 170
4602 167
4602 170
4603 167
4603 170
4604 167
4604 170
4605 167
4605 170
4606 167
4607 167
4608 167
4608 170
4609 167
4609 170
4610 167
4610 170
4611 167
4611 170
4612 167
4612 170
4613 167
4613 170
4614 167
4614 170
4615 167
4615 170
4616 167
4616 170
4617 167
4617 170
4618 167
4618 170
4619 167
4619 170
4620 167
4620 170
4621 167
4621 170
4622 167
4622 170
4623 167
4623 170
4624 167
4624 170
4625 167
4625 170
4626 167
4626 170
4627 167
4627 170
4628 167
4628 170
4629 167
4629 170
4630 167
4631 170
4632 170
4633 170
4634 170
4635 170
4636 170
4637 170
4638 170
4654 172
4655 170
4655 172
4656 170
4656 172
4657 170
4657 172
4658 170
4658 172
4659 170
4659 172
4660 170
4660 172
4661 170
4662 170
4663 170
4664 170
4665 170
4666 170
4667 170
4668 170
4669 170
4670 170
4671 170
4672 170
4673 170
4674 170
4675 170
4676 170
4677 170
4678 170
4679 170
4680 170
4681 170
4682 170
4683 170
4684 170
4685 170
4686 170
4687 170
4688 170
4689 170
4690 170
4691 170
4692 170
4693 170
4694 170
4695 170
4696 170
4697 170
4698 170
4699 170
4700 170
4701 170
4702 170
4703 170
4704 170
4705 170
4706 170
4707 170
4708 170
4709 170
4710 170
4711 170
4712 170
4713 170
4714 170
4715 170
4716 170
4717 170
4718 170
4719 170
4720 170
4721 170
4722 170
4723 170
4724 170
4744 170
4745 170
4746 170
4747 170
4748 170
4749 170
4750 170
4751 170
4752 170
4753 170
4754 170
4755 170
4756 170
4757 170
4758 170
4759 170
4759 174
4760 170
4761 170
4762 170
4763 170
4764 170
4765 170
4766 170
4767 170
4768 170
4769 170
4770 170
4771 170
4772 170
4773 170
4774 170
4775 170
4776 170
4777 170
4778 170
4779 170
4780 170
4781 170
4782 170
4783 170
4784 170
4785 170
4786 170
4787 170
4788 170
4789 170
4790 170
4791 170
4792 170
4793 170
4794 170
4795 170
4796 170
4797 170
4798 170
4799 170
4800 170
4811 170
4812 170
4813 170
4814 170
4815 170
4816 170
4817 170
4818 170
4819 170
4820 170
4821 170
4822 170
4823 170
4824 170
4825 170
4826 170
4827 170
4828 170
4829 170
4829 177
4830 170
4831 170
4832 170
4833 170
4834 170
4835 170
4836 170
4837 170
4838 170
4839 170
4841 170
4842 170
4843 170
4844 170
4845 170
4846 170
4847 170
4848 170
4849 170
4850 170
4851 170
4852 170
4853 170
4854 170
4855 170
4856 170
4857 170
4858 170
4859 170
4860 170
4861 170
4862 170
4863 170
4864 170
4865 170
4866 170
4866 179
4867 170
4867 179
4868 170
4868 179
4869 170
4869 179
4870 170
4870 179
4871 170
4871 179
4872 170
4872 179
4873 170
4873 179
4874 170
4874 179
4875 170
4875 179
4876 170
4876 179
4877 170
4877 179
4878 170
4878 179
4879 170
4879 179
4880 170
4880 179
4881 170
4881 179
4882 170
4882 179
4883 170
4883 179
4884 170
4884 179
4885 170
4885 179
4886 170
4887 170
4887 179
4888 170
4888 179
4889 170
4889 179
4890 170
4890 179
4891 170
4891 179
4891 181
4892 170
4892 179
4892 181
4893 170
4893 179
4893 181
4894 170
4894 179
4894 181
4895 170
4895 179
4895 181
4896 170
4896 179
4896 181
4897 170
4897 179
4897 181
4898 170
4898 179
4898 181
4899 170
4899 179
4899 181
4900 170
4900 179
4900 181
4901 170
4901 179
4901 181
4902 170
4902 179
4903 170
4903 181
4904 170
4904 179
4904 181
4905 170
4905 179
4905 181
4906 170
4906 179
4906 181
4907 170
4907 179
4907 181
4908 170
4908 179
4908 181
4909 170
4909 179
4909 181
4910 170
4910 179
4910 181
4910 183
4911 170
4911 179
4911 181
4912 170
4912 181
4913 170
4914 170
4915 170
4916 170
4917 170
4918 170
4919 170
4920 170
4921 170
4922 170
4923 170
4924 170
4925 170
4926 170
4927 170
4928 170
4929 170
4930 170
4931 170
4932 170
4933 170
4934 170
4935 170
4936 170
4937 170
4938 170
4939 170
4940 170
4941 170
4942 170
4943 170
4944 170
4945 170
4946 170
4947 170
4948 170
4949 170
4950 170
4951 170
4952 170
4953 170
4954 170
4955 170
4956 170
4957 170
4958 170
4959 170
4960 170
4961 170
4962 170
4963 170
4963 185
4964 170
4964 185
4965 170
4965 185
4966 170
4966 185
4967 170
4967 185
4968 170
4969 170
4970 170
4971 170
4972 170
4973 170
4974 170
4975 170
4976 170
4977 170
4978 170
4979 170
4980 170
4981 170
4982 170
4983 170
4984 170
4985 170
4986 170
4987 170
4988 170
4989 170
4990 170
4991 170
4992 170
4993 170
4994 170
4995 170
4996 170
4997 170
4998 170
4999 170
5000 170
5001 170
5002 170
5003 170
5004 170
5005 170
5006 170
5007 170
5008 170
5009 170
5010 170
5011 170
5012 170
5013 170
5014 170
5016 170
5017 170
5018 170
5019 170
5020 170
5021 170
5022 170
5023 170
5024 170
5025 170
5026 170
5027 170
5028 170
5029 170
5030 170
5031 170
5032 170
5033 170
5034 170
5035 170
5036 170
5037 170
5038 170
5039 170
5040 170
5041 170
5042 170
5043 170
5044 170
5045 170
5046 170
5047 170
5048 170
5049 170
5050 170
5051 170
5052 170
5053 170
5054 170
5055 170
5056 170
5057 170
5060 170
5061 170
5066 170
5067 170
5068 170
5069 170
5070 170
5071 170
5072 170
5073 170
5074 170
5075 170
5076 170
5077 170
5078 170
5079 170
5080 170
5088 186
5089 186
5090 186
5091 186
5092 170
5092 186
5093 170
5093 186
5094 170
5094 186
5095 170
5095 186
5096 170
5096 186
5097 170
5097 186
5098 170
5099 170
5100 170
5101 170
5102 170
5103 170
5106 170
5107 170
5108 170
5109 170
5110 170
5111 170
5112 170
5113 170
5114 170
5115 170
5116 170
5117 170
5118 170
5119 170
5120 170
5121 170
5122 170
5123 170
5124 170
5125 170
5126 170
5127 170
5128 170
5129 170
5130 170
5131 170
5132 170
5133 170
5134 170
5135 170
5136 170
5137 170
5138 170
5139 170
5140 170
5141 170
5142 170
5143 170
5144 170
5145 170
5146 170
5147 170
5148 170
5149 170
5150 170
5151 170
5152 170
5153 170
5154 170
5155 170
5156 170
5157 170
5158 170
5159 170
5160 170
5161 170
5162 170
5163 170
5164 170
5165 170
5166 170
5167 170
5168 170
5169 170
5170 170
5171 170
5172 170
5173 170
5174 170
5175 170
5176 170
5177 170
5178 170
5179 170
5180 170
5181 170
5182 170
5183 170
5184 170
5185 170
5186 170
5187 170
5188 170
5189 170
5190 170
5191 170
5192 170
5193 170
5194 170
5195 170
5196 170
5197 170
5198 170
5199 170
5200 170
5201 170
5202 170
5203 170
5204 170
5219 170
5220 170
5221 170
5222 170
5223 170
5224 170
5225 170
5226 170
5227 170
5228 170
5229 170
5230 170
5231 170
5232 170
5233 170
5234 170
5235 170
5236 170
5237 170
5238 170
5239 170
5240 170
5241 170
5242 170
5243 170
5244 170
5245 170
5246 170
5247 170
5248 170
5249 170
5250 170
5251 170
5252 170
5253 170
5254 170
5255 170
5256 170
5257 170
5258 170
5259 170
5260 170
5261 170
5262 170
5263 170
5264 170
5265 170
5266 170
5267 170
5268 170
5269 170
5270 170
5271 170
5272 170
5273 170
5274 170
5274 187
5275 170
5276 187
5277 187
5278 187
5279 187
5280 187
5281 187
5286 188
5302 170
5303 170
5304 170
5305 170
5306 170
5310 170
5311 170
5313 170
5314 170
5315 170
5316 170
5317 170
5318 170
5319 170
5320 170
5321 170
5322 170
5331 192
5332 192
5333 192
5334 192
5335 192
5336 192
5337 192
5338 192
5339 192
5340 192
5341 170
5342 170
5343 170
5344 170
5345 170
5346 170
5349 170
5350 170
5351 170
5352 170
5353 192
5354 192
5355 192
5356 192
5357 192
5358 192
5359 192
5360 192
5361 192
5362 192
5388 192
5389 192
5390 192
5391 192
5392 192
5399 192
5400 192
5401 192
5588 193
5617 195
5618 195
5619 195
5620 195
5621 195
5958 198
5959 198
5960 198
5961 198
5961 199
5962 198
5962 199
5963 198
5963 199
5964 198
5965 199
5966 199
5967 199
5968 199
5969 199
5970 199
5970 200
5971 199
5972 200
5973 200
5974 200
5975 200
5976 200
5977 200
5978 200
5979 200
5980 200
5982 198
6014 202
6015 202
6016 202
6017 202
6018 202
6019 202
6020 202
6021 202
6022 202
6023 202
6024 202
6024 205
6025 202
6025 205
6026 202
6026 205
6027 202
6027 205
6028 202
6028 205
6029 202
6029 205
6030 202
6030 205
6031 205
6032 205
6033 205
6034 205
6035 205
6036 205
6036 207
6037 205
6037 207
6038 205
6038 207
6039 205
6039 207
6040 205
6040 207
6041 205
6041 207
6042 205
6042 207
6043 205
6043 207
6044 205
6044 207
6045 205
6045 207
6046 205
6046 207
6047 205
6047 207
6048 205
6048 207
6049 202
6049 205
6050 202
6050 205
6051 202
6051 205
6052 202
6053 202
6054 202
6054 207
6055 202
6055 205
6055 207
6056 202
6056 205
6057 202
6057 205
6058 202
6059 205
6060 205
6061 205
6062 205
6063 205
6065 207
6066 205
6066 207
6067 205
6070 205
6071 205
6071 207
6072 205
6072 207
6073 205
6073 207
6074 205
6074 207
6075 205
6075 207
6076 205
6076 207
6077 205
6084 205
6085 205
6086 205
6087 205
6088 205
6089 205
6090 205
6091 205
6092 205
6092 207
6093 205
6093 207
6094 205
6095 207
6096 207
6097 205
6097 207
6098 205
6099 207
6100 207
6101 207
6102 207
6103 207
6104 207
6105 205
6105 207
6106 205
6106 207
6107 205
6107 207
6108 205
6108 207
6109 205
6109 207
6110 205
6110 207
6111 205
6111 207
6112 205
6112 207
6113 205
6113 207
6114 205
6114 207
6115 205
6115 207
6116 205
6116 207
6117 205
6117 207
6118 205
6118 207
6119 205
6119 207
6120 205
6120 207
6121 205
6121 207
6122 205
6122 207
6123 205
6123 207
6124 205
6125 207
6126 207
6127 207
6128 207
6129 207
6130 207
6131 207
6132 207
6133 207
6134 207
6135 207
6136 207
6137 207
6138 207
6139 207
6140 207
6141 207
6142 207
6143 207
6143 208
6144 207
6144 208
6145 207
6145 208
6146 207
6146 208
6147 207
6147 208
6148 207
6148 208
6149 207
6149 208
6150 207
6150 208
6151 207
6151 208
6152 207
6153 208
6154 208
6155 208
6156 208
6157 208
6158 208
6159 208
6160 208
6161 208
6162 208
6163 208
6164 208
6165 208
6193 209
6194 209
6195 209
6197 209
6198 209
6199 209
6201 209
6202 209
6203 209
6204 209
6205 209
6206 209
6207 209
6208 209
6209 209
6210 209
6211 209
6212 209
6213 209
6214 209
6215 209
6216 209
6217 209
6218 209
6219 209
6220 209
6221 209
6222 209
6223 209
6224 209
6225 209
6226 209
6227 209
6228 209
6229 209
6230 209
6231 209
6232 209
6233 209
6234 209
6235 209
6236 209
6237 209
6238 209
6248 209
6249 209
6250 209
6251 209
6280 209
6281 209
6282 209
6283 209
6284 209
6284 210
6285 209
6285 210
6286 209
6286 210
6333 212
6334 212
6335 212
6336 212
6337 212
6338 212
6339 212
6340 212
6341 212
6342 212
6343 212
6344 212
6345 212
6346 212
6347 212
6347 215
6348 212
6348 215
6349 212
6349 215
6350 212
6350 215
6351 212
6351 215
6352 212
6352 215
6353 212
6353 215
6354 212
6354 215
6355 212
6355 215
6356 212
6356 215
6357 212
6357 215
6358 212
6358 215
6359 212
6359 215
6360 212
6360 215
6361 212
6361 215
6362 212
6362 215
6363 212
6363 215
6364 212
6365 212
6366 212
6367 212
6368 212
6369 212
6370 212
6371 212
6372 212
6373 212
6374 212
6375 212
6376 212
6377 212
6500 221
6505 223
6506 223
6507 223
6508 223
6509 223
6509 225
6510 223
6510 225
6511 223
6512 223
6512 225
6513 223
6513 225
6514 223
6515 226
6516 225
6517 225
6518 225
6519 225
6519 227
6519 228
6520 225
6520 227
6521 223
6521 227
6522 223
6522 227
6523 223
6523 227
6524 223
6525 223
6525 227
6526 223
6526 227
6527 223
6528 226
6528 227
6529 226
6529 227
6530 226
6530 227
6530 230
6531 226
6531 227
6531 230
6532 225
6532 226
6532 227
6532 230
6533 225
6533 226
6534 226
6534 227
6535 225
6535 226
6535 227
6536 225
6536 226
6536 227
6536 230
6537 225
6537 226
6537 227
6538 225
6538 227
6538 230
6539 225
6539 227
6539 230
6540 225
6540 227
6540 230
6540 234
6541 225
6541 227
6541 230
6541 234
6541 235
6542 225
6542 227
6542 230
6542 234
6543 225
6543 227
6543 234
6544 227
6544 234
6545 225
6545 227
6545 235
6546 225
6546 227
6546 235
6547 225
6547 227
6548 225
6548 227
6548 235
6549 225
6549 227
6549 235
6550 225
6550 227
6550 235
6551 225
6551 227
6551 230
6551 235
6552 225
6552 227
6552 230
6553 227
6553 230
6553 235
6554 227
6554 230
6554 235
6555 227
6555 230
6555 235
6556 227
6556 230
6556 235
6557 227
6557 230
6557 235
6558 225
6558 227
6558 230
6558 235
6559 225
6559 227
6559 230
6559 235
6560 225
6560 227
6560 230
6560 235
6560 237
6561 225
6561 227
6561 230
6561 235
6562 225
6562 227
6562 230
6562 235
6563 225
6563 227
6563 230
6563 235
6564 225
6564 227
6564 230
6564 237
6565 225
6565 227
6565 230
6565 237
6566 225
6566 227
6566 230
6566 237
6567 225
6567 226
6567 227
6567 230
6568 225
6568 226
6568 227
6568 230
6569 225
6569 226
6569 227
6570 225
6570 226
6570 227
6570 230
6571 225
6571 226
6572 225
6572 227
6573 225
6573 227
6574 225
6574 227
6574 237
6575 226
6575 237
6576 226
6576 235
6577 235
6577 237
6578 235
6579 235
6579 237
6580 235
6580 237
6581 235
6582 235
6582 237
6583 235
6584 237
6704 240
6711 241
6712 241
6712 242
6713 241
6713 242
6714 241
6715 241
6716 241
6716 242
6717 241
6717 242
6718 241
6718 242
6719 241
6719 242
6720 241
6720 242
6721 241
6721 242
6723 241
6726 242
6727 242
6728 242
6729 242
6730 242
6731 242
6732 242
6732 244
6733 242
6733 244
6733 245
6734 242
6734 244
6734 245
6735 242
6735 244
6735 245
6736 242
6736 244
6736 245
6737 242
6737 244
6737 245
6738 242
6738 244
6738 245
6739 242
6739 244
6739 245
6740 242
6740 245
6741 242
6741 245
6742 242
6742 245
6743 242
6743 245
6744 242
6744 245
6745 242
6745 244
6745 245
6746 242
6746 244
6746 245
6747 242
6747 244
6748 242
6748 245
6749 242
6749 245
6750 242
6750 245
6751 242
6751 245
6752 242
6752 244
6753 242
6754 242
6755 242
6756 242
6756 245
6757 242
6757 244
6757 245
6758 242
6758 244
6759 242
6759 244
6759 245
6759 251
6760 242
6760 244
6760 245
6760 251
6761 242
6761 244
6761 251
6761 252
6762 242
6762 244
6762 251
6762 252
6763 242
6763 244
6763 245
6763 251
6763 252
6764 242
6764 244
6764 245
6764 251
6764 253
6765 242
6765 244
6765 245
6765 251
6765 253
6766 242
6766 244
6766 245
6766 251
6767 242
6767 244
6767 245
6767 251
6768 242
6768 244
6768 245
6768 251
6769 242
6769 244
6769 245
6769 251
6770 244
6770 245
6770 251
6771 242
6771 244
6771 245
6771 251
6772 242
6772 244
6772 245
6772 251
6773 242
6773 244
6773 245
6773 251
6774 242
6774 244
6774 245
6774 251
6775 242
6775 244
6775 245
6775 251
6776 242
6776 244
6776 245
6776 251
6777 242
6777 244
6777 245
6777 251
6778 242
6778 244
6778 245
6778 251
6779 242
6779 244
6779 245
6779 251
6780 242
6780 244
6780 245
6780 251
6781 242
6781 244
6781 245
6781 251
6782 242
6782 244
6782 245
6783 242
6783 244
6783 251
6784 242
6784 244
6785 242
6785 251
6785 253
6786 242
6786 251
6787 242
6787 251
6787 253
6788 242
6788 251
6789 242
6789 253
6790 242
6790 253
6791 242
6791 253
6792 242
6792 253
6792 255
6792 256
6793 242
6793 253
6793 255
6794 242
6794 255
6795 242
6796 242
6802 242
6803 242
6803 253
6805 253
6806 253
6807 253
6808 259
6809 253
6810 253
6811 253
6812 253
6813 253
6814 253
6815 253
6820 253
6824 253
6825 253
6826 253
6827 253
6828 253
6920 261
6921 261
6922 261
6923 261
6924 261
6925 261
6926 261
6927 261
6928 261
6948 261
6949 261
6950 261
6951 261
6952 261
6953 261
6954 261
6955 261
6956 261
6959 261
6960 261
6961 261
6962 261
6963 261
6964 261
6965 261
6966 261
6967 261
6968 261
6969 261
6970 261
6971 261
6972 261
6973 261
6974 261
6975 261
6976 261
6977 261
6978 261
6979 261
6980 261
6981 261
6985 261
7091 266
7092 266
7093 266
7502 269
7503 269
7504 269
7505 269
7506 269
7507 269
7508 269
7509 269
7510 269
7511 269
7512 269
7513 269
7514 269
7515 269
7516 269
7517 269
7518 269
7519 269
7520 269
7521 269
7525 269
7526 269
7527 269
7527 270
7528 269
7528 270
7529 269
7529 270
7530 269
7530 270
7531 269
7531 270
7532 269
7532 270
7533 269
7533 270
7534 269
7534 270
7535 269
7535 270
7536 269
7536 270
7537 269
7537 270
7538 269
7538 270
7539 269
7539 270
7540 269
7540 270
7541 269
7541 270
7542 269
7542 270
7543 269
7543 270
7544 269
7544 270
7545 269
7545 270
7546 269
7546 270
7547 269
7547 270
7548 269
7548 270
7549 269
7549 270
7550 269
7550 270
7551 269
7551 270
7552 269
7552 270
7553 269
7553 270
7554 269
7554 270
7555 269
7555 270
7556 269
7556 270
7557 269
7557 270
7558 269
7558 270
7559 269
7559 270
7560 269
7560 270
7561 269
7561 270
7562 269
7562 270
7563 269
7563 270
7564 269
7564 270
7565 269
7565 270
7566 269
7566 270
7567 269
7567 270
7568 269
7568 270
7569 269
7569 270
7570 269
7570 270
7571 269
7571 270
7572 269
7572 270
7573 269
7573 270
7574 269
7574 270
7575 269
7575 270
7576 269
7576 270
7577 269
7577 270
7578 269
7578 270
7579 269
7579 270
7580 269
7580 270
7581 269
7581 270
7582 269
7583 270
7584 270
7585 270
7586 270
7587 270
7588 270
7589 270
7590 270
7591 270
7592 270
7593 270
7594 270
8076 272
8077 272
8078 272
8079 272
8080 272
8081 272
8082 272
8083 272
8084 272
8085 272
8086 272
8087 272
8088 272
8089 272
8090 272
8091 272
8092 272
8093 272
8094 272
8095 272
8096 272
8097 272
8098 272
8099 272
8100 272
8101 272
8102 272
8103 272
8104 272
8105 272
8106 272
8107 272
8108 272
8109 272
8110 272
8111 272
8112 272
8113 272
8114 272
8115 272
8116 272
8117 272
8118 272
8119 272
8120 272
8121 272
8122 272
8123 272
8124 272
8125 272
8126 272
8127 272
8128 272
8129 272
8130 272
8131 272
8132 272
8133 272
8134 272
8135 272
8136 272
8137 272
8138 272
8139 272
8140 272
8141 272
8142 272
8143 272
8144 272
8145 272
8146 272
8147 272
8148 272
8149 272
8150 272
8151 272
8151 275
8152 272
8152 275
8153 272
8153 275
8154 272
8154 275
8155 272
8155 275
8156 272
8156 275
8157 272
8157 275
8157 278
8158 272
8158 275
8158 278
8158 279
8159 272
8159 275
8159 278
8159 279
8160 272
8160 275
8160 278
8160 279
8161 272
8161 275
8161 278
8161 279
8162 272
8162 275
8162 279
8163 272
8163 275
8163 279
8163 280
8164 272
8164 275
8164 278
8164 279
8164 280
8165 272
8165 275
8165 278
8165 279
8165 280
8166 272
8166 275
8166 278
8166 279
8166 280
8167 272
8167 275
8167 278
8167 279
8167 280
8168 272
8168 275
8168 278
8168 279
8168 280
8169 272
8169 275
8169 278
8169 279
8169 280
8170 272
8170 275
8170 278
8171 272
8171 279
8171 280
8172 272
8172 279
8172 280
8173 272
8173 279
8173 280
8174 272
8174 279
8174 280
8175 272
8175 279
8175 280
8176 272
8176 279
8176 280
8177 272
8177 279
8177 280
8178 272
8178 279
8178 280
8179 272
8179 279
8179 280
8180 272
8180 279
8180 280
8181 272
8181 279
8181 280
8182 272
8182 279
8182 280
8183 272
8183 279
8183 280
8184 272
8184 279
8184 280
8185 272
8185 279
8185 280
8186 272
8186 275
8186 279
8186 280
8187 272
8187 275
8187 279
8187 280
8188 272
8188 275
8188 279
8188 280
8189 272
8189 275
8189 279
8190 272
8190 279
8190 280
8191 272
8191 279
8191 280
8192 272
8192 279
8192 280
8193 272
8193 279
8193 280
8194 272
8194 279
8194 280
8195 272
8195 279
8195 280
8196 272
8196 279
8196 280
8197 272
8197 279
8197 280
8198 272
8198 279
8198 280
8199 272
8199 279
8199 280
8200 272
8200 279
8200 280
8201 272
8201 279
8201 280
8202 272
8202 279
8202 280
8203 272
8203 279
8203 280
8203 282
8204 272
8204 279
8204 280
8204 282
8205 272
8205 279
8205 280
8205 282
8205 283
8206 272
8206 279
8206 280
8206 282
8207 272
8207 279
8208 272
8208 279
8209 272
8209 279
8210 272
8210 279
8210 280
8211 272
8211 279
8212 272
8212 280
8213 272
8213 280
8214 272
8214 280
8215 272
8216 272
8217 272
8218 272
8219 272
8220 272
8221 272
8223 272
8224 272
8224 279
8225 272
8226 272
8227 272
8228 272
8229 272
8230 272
8231 272
8232 272
8233 272
8234 272
8235 272
8237 280
8238 279
8239 279
8240 280
8262 284
8263 284
8265 284
8266 284
8267 284
8268 284
8269 284
8270 284
8271 284
8272 284
8273 284
8274 284
8275 284
8278 284
8280 284
8288 286
8290 286
8294 286
8295 286
8296 286
8297 286
8298 286
8299 286
8300 286
8301 286
8302 286
8303 286
8304 286
8305 286
8306 286
8307 286
8308 286
8309 286
8310 286
8311 286
8312 286
8313 286
8314 286
8315 286
8316 286
8317 286
8318 286
8319 286
8320 286
8321 286
8322 286
8323 286
8323 288
8324 286
8324 288
8325 286
8325 288
8326 286
8326 288
8327 286
8327 288
8328 286
8328 288
8329 286
8329 288
8330 286
8330 288
8331 286
8331 288
8332 286
8332 288
8333 286
8333 288
8336 286
8339 286
8341 286
8342 286
8343 286
8344 286
8345 286
8346 286
8347 286
8348 286
8445 290
8446 290
8447 290
8448 290
8449 290
8450 290
8451 290
8452 290
8453 290
8454 290
8455 290
8456 290
8457 290
8458 290
8459 290
8460 290
8461 290
8462 290
8463 290
8464 290
8465 290
8466 290
8467 290
8468 290
8469 290
8470 290
8471 290
8472 290
8473 290
8474 290
8475 290
8476 290
8477 290
8478 290
8479 290
8480 290
8481 290
8482 290
8483 290
8484 290
8485 290
8486 290
8487 290
8488 290
8489 290
8490 290
8491 290
8492 290
8493 290
8494 290
8495 290
8496 290
8497 290
8498 290
8499 290
8500 290
8501 290
8502 290
8503 290
8504 290
8505 290
8506 290
8507 290
8508 290
8509 290
8510 290
8511 290
8512 290
8513 290
8514 290
8515 290
8516 290
8517 290
8518 290
8519 290
8520 290
8521 290
8522 290
8523 290
8524 290
8525 290
8526 290
8526 293
8527 290
8527 293
8528 290
8529 290
8529 293
8530 290
8530 293
8531 290
8531 293
8532 290
8532 293
8533 290
8533 293
8534 290
8535 290
8536 290
8537 290
8538 290
8539 290
8540 290
8541 290
8541 293
8542 290
8542 293
8543 290
8543 293
8544 290
8544 293
8544 295
8545 290
8545 293
8545 295
8546 290
8546 293
8546 295
8547 290
8547 293
8547 295
8548 290
8548 293
8548 295
8549 290
8549 293
8549 295
8550 290
8550 293
8550 295
8551 290
8551 293
8551 295
8552 290
8552 293
8552 295
8553 290
8553 293
8553 295
8554 290
8554 293
8554 295
8555 290
8555 293
8555 295
8556 290
8556 293
8556 295
8557 290
8557 293
8557 295
8558 290
8558 293
8558 295
8559 290
8559 293
8559 295
8560 290
8560 293
8560 295
8561 290
8561 293
8561 295
8562 290
8562 293
8562 295
8563 290
8563 293
8563 295
8564 290
8564 293
8564 295
8565 290
8565 293
8565 295
8566 290
8566 293
8566 295
8567 290
8567 293
8567 295
8568 290
8568 293
8568 295
8569 290
8569 293
8570 290
8570 293
8571 290
8571 293
8572 290
8572 293
8573 290
8573 293
8574 290
8574 293
8575 290
8575 293
8576 290
8576 293
8577 290
8577 293
8578 290
8578 293
8579 290
8579 293
8580 290
8580 293
8581 290
8581 293
8582 290
8582 293
8583 290
8583 293
8584 290
8584 293
8585 290
8585 293
8586 290
8586 293
8587 290
8587 293
8588 290
8589 290
8590 290
8591 290
8592 290
8592 293
8593 290
8594 290
8595 290
8596 290
8597 290
8598 290
8599 290
8600 290
8600 296
8601 290
8601 296
8602 290
8602 296
8603 290
8603 296
8603 297
8604 290
8604 296
8604 297
8605 290
8605 296
8605 297
8606 290
8606 296
8607 290
8607 297
8608 290
8608 297
8609 290
8609 297
8610 290
8610 297
8611 290
8611 297
8612 290
8613 290
8614 290
8615 290
8616 290
8617 290
8618 290
8619 290
8620 290
8621 290
8622 290
8623 290
8624 290
8625 290
8626 290
8627 290
8628 290
8629 290
8630 290
8631 290
8632 290
8633 290
8634 290
8635 290
8636 290
8637 290
8638 290
8639 290
8640 290
8641 290
8642 290
8643 290
8644 290
8645 290
8646 290
8647 290
8648 290
8649 290
8650 290
8651 290
8652 290
8653 290
8654 290
8655 290
8656 290
8657 290
8658 290
8659 290
8660 290
8661 290
8662 290
8663 290
8664 290
8665 290
8666 290
8667 290
8668 290
8669 290
8670 290
8671 290
8672 290
8673 290
8674 290
8675 290
8676 290
8677 290
8678 290
8679 290
8680 290
8681 290
8682 290
8683 290
8684 290
8685 290
8686 290
8687 290
8688 290
8689 290
8690 290
8691 290
8692 290
8693 290
8694 290
8695 290
8696 290
8697 290
8698 290
8699 290
8700 290
8701 290
8702 290
8703 290
8704 290
8705 290
8706 290
8707 290
8708 290
8709 290
8710 290
8711 290
8712 290
8713 290
8714 290
8715 290
8716 290
8717 290
8718 290
8719 290
8720 290
8721 290
8722 290
8723 290
8724 290
8725 290
8726 290
8727 290
8728 290
8729 290
8730 290
8731 290
8732 290
8733 290
8734 290
8735 290
8736 290
8737 290
8738 290
8740 290
8741 290
8742 290
8743 290
8744 290
8745 290
8746 290
8747 290
8748 290
8754 290
8755 290
8756 290
8872 299
8926 300
9201 301
9202 301
9554 302
9555 302
9556 302
9604 304
9605 304
10127 308
10128 308
10129 308
10130 308
10131 308
10132 308
10133 308
10208 309
10209 309
10210 309
10211 309
10212 309
10213 309
10214 309
10215 309
10216 309
10217 309
10218 309
10219 309
10220 309
10221 309
10222 309
10223 309
10224 309
10225 309
10226 309
10227 309
10228 309
10229 309
10230 309
10231 309
10232 309
10233 309
10234 309
10235 309
10236 309
10237 309
10238 309
10239 309
10240 309
10240 310
10241 309
10241 310
10242 309
10242 310
10243 309
10243 310
10244 309
10244 310
10245 309
10245 310
10246 309
10246 310
10246 312
10247 309
10247 310
10247 312
10248 309
10248 310
10248 312
10249 309
10249 310
10249 312
10250 309
10250 310
10250 312
10251 309
10251 310
10251 312
10252 309
10252 310
10252 312
10253 309
10253 310
10253 312
10254 309
10254 310
10254 312
10255 309
10255 310
10255 312
10256 309
10256 310
10256 312
10257 309
10257 310
10257 312
10258 309
10258 310
10258 312
10259 309
10259 310
10259 312
10260 309
10260 310
10260 312
10261 309
10261 310
10261 312
10262 309
10262 310
10262 312
10263 309
10263 310
10263 312
10264 309
10264 310
10264 312
10265 309
10265 310
10265 312
10266 309
10266 310
10266 312
10267 309
10267 310
10267 312
10268 309
10268 310
10268 312
10269 309
10269 310
10269 312
10270 309
10270 310
10270 312
10271 309
10271 310
10271 312
10272 309
10272 310
10272 312
10273 309
10273 310
10273 312
10274 309
10274 310
10274 312
10275 309
10275 310
10275 312
10276 309
10276 310
10276 312
10277 309
10277 310
10277 312
10278 309
10278 310
10278 312
10279 309
10279 310
10279 312
10280 309
10280 310
10280 312
10281 309
10281 310
10281 312
10282 309
10282 310
10282 312
10283 309
10283 310
10283 312
10284 309
10284 310
10284 312
10285 309
10285 310
10285 312
10286 309
10286 310
10287 310
10287 312
10288 309
10288 310
10288 312
10289 309
10289 310
10289 312
10290 309
10290 310
10290 312
10291 309
10291 310
10291 312
10292 309
10292 310
10293 310
10293 312
10294 310
10294 312
10295 310
10295 312
10296 310
10296 312
10297 310
10297 312
10298 310
10298 312
10299 310
10299 312
10300 310
10300 312
10301 310
10301 312
10302 310
10302 312
10303 310
10303 312
10304 310
10304 312
10305 310
10305 312
10306 310
10306 312
10307 310
10307 312
10308 310
10308 312
10309 310
10309 312
10310 310
10310 312
10311 310
10311 312
10312 310
10312 312
10313 310
10314 310
10315 309
10321 312
10322 312
10323 312
10324 312
10325 312
10325 315
10326 312
10326 315
10327 312
10327 315
10328 312
10328 315
10329 312
10329 315
10330 312
10330 315
10331 312
10331 315
10332 312
10332 315
10332 318
10333 312
10333 315
10333 318
10334 312
10334 315
10334 318
10335 312
10335 315
10336 312
10336 318
10337 312
10337 318
10338 312
10338 318
10339 312
10340 312
10341 312
10342 312
10343 312
10344 312
10346 312
10346 319
10347 312
10347 319
10348 312
10348 319
10349 312
10349 319
10350 312
10350 319
10351 312
10351 319
10351 321
10352 312
10352 319
10352 321
10353 312
10353 319
10353 321
10354 312
10354 319
10354 321
10355 312
10355 319
10355 321
10356 312
10356 319
10356 321
10357 312
10357 319
10357 321
10358 312
10358 319
10358 321
10359 312
10359 319
10359 321
10360 312
10360 319
10360 321
10361 312
10361 319
10361 321
10362 312
10362 319
10362 321
10363 312
10363 319
10363 321
10364 312
10364 319
10364 321
10365 312
10365 319
10365 321
10366 312
10366 319
10366 321
10367 312
10367 319
10367 321
10368 312
10368 319
10368 321
10369 312
10369 319
10369 321
10370 312
10370 319
10370 321
10371 312
10371 319
10371 321
10372 312
10372 319
10372 321
10373 312
10373 319
10373 321
10374 312
10374 319
10374 321
10375 312
10375 319
10375 321
10376 312
10376 319
10376 321
10377 312
10377 319
10377 321
10378 312
10378 319
10378 321
10379 312
10379 319
10379 321
10380 312
10380 319
10380 321
10381 312
10381 319
10381 321
10382 312
10382 319
10382 321
10383 312
10383 319
10383 321
10384 312
10384 319
10384 321
10385 312
10385 319
10385 321
10386 312
10386 319
10386 321
10387 312
10387 319
10387 321
10388 312
10388 319
10388 321
10389 312
10389 319
10389 321
10390 312
10390 319
10390 321
10391 312
10391 319
10392 319
10392 321
10393 319
10393 321
10394 319
10394 321
10395 319
10396 319
10397 319
10398 319
10399 319
10400 319
10404 312
10406 319
10407 319
10408 319
10540 322
10549 322
10550 322
10639 324
10640 324
10641 324
10642 324
10643 324
10644 324
10663 324
10689 326
10690 324
10690 326
10691 324
10692 324
10692 326
10693 324
10693 326
10694 324
10694 326
10695 324
10696 324
10696 327
10699 326
10700 326
10708 324
10709 324
10709 327
10710 324
10710 327
10711 324
10711 326
10711 327
10712 324
10712 326
10713 324
10713 326
10714 326
10715 326
10716 326
10716 327
10717 326
10718 326
10719 326
10720 324
10720 326
10721 324
10721 326
10722 324
10722 326
10723 324
10723 326
10724 324
10724 326
10725 324
10725 326
10726 324
10726 326
10727 324
10727 326
10728 324
10728 326
10729 324
10729 326
10730 324
10730 326
10731 326
10731 329
10732 324
10732 326
10732 329
10733 324
10733 326
10733 329
10734 324
10734 326
10735 326
10735 329
10736 326
10736 329
10737 326
10737 329
10738 326
10738 329
10739 326
10739 329
10740 326
10741 326
10742 326
10743 326
10744 326
10745 326
10746 326
10747 326
10748 326
10748 329
10749 326
10749 329
10750 326
10750 329
10751 326
10751 329
10752 326
10752 329
10753 326
10753 329
10754 326
10754 329
10755 326
10755 329
10756 326
10756 329
10757 326
10757 329
10758 326
10758 329
10759 326
10759 329
10760 326
10761 326
10762 326
10763 326
10764 326
10765 326
10766 326
10767 326
10768 326
10769 326
10770 326
10771 326
10772 326
10773 326
10774 326
10781 329
10782 329
10783 329
10784 329
10785 329
10786 329
10787 329
10788 329
10789 329
10790 329
10791 329
10792 329
10793 329
10794 329
10795 329
10796 329
10797 329
10798 329
10799 329
10800 329
10801 329
10802 329
10803 329
10804 329
10805 329
10806 329
10807 329
10808 329
10809 329
10810 329
10811 329
10812 329
10813 329
10814 329
10815 329
10816 329
10817 329
10818 329
10819 329
10820 329
10821 329
10822 329
10823 329
10824 329
10825 329
10826 329
10827 329
10828 329
10829 329
10830 329
10831 329
10832 329
10833 329
10834 329
10835 329
10836 329
10837 329
10838 329
10839 329
10840 329
10860 330
10861 330
10862 330
10863 330
10863 331
10864 330
10865 330
10866 330
10867 330
10868 330
10869 330
10870 330
10870 333
10871 330
10871 333
10872 330
10872 333
10873 330
10873 333
10874 330
10875 333
10876 333
10877 333
10878 333
10879 333
10880 333
10881 330
10881 333
10882 330
10882 333
10883 330
10883 333
10884 330
10884 333
10885 330
10885 333
10886 330
10886 333
10887 330
10887 333
10888 330
10888 333
10889 330
10889 333
10890 330
10890 333
10891 330
10891 333
10892 330
10892 333
10893 330
10893 333
10894 330
10894 333
10895 330
10895 333
10896 330
10896 333
10897 330
10898 330
10899 330
10900 330
10901 330
10902 330
10903 330
10904 330
10905 330
10906 330
10906 333
10907 330
10908 330
10909 330
10909 333
10910 330
10910 333
10911 330
10911 333
10912 330
10912 333
10913 330
10913 333
10914 330
10914 333
10915 330
10915 333
10916 330
10916 333
10917 330
10917 333
10918 330
10918 333
10919 330
10919 333
10920 330
10921 330
10922 330
10922 333
10923 330
10923 333
10924 330
10924 333
10924 335
10925 330
10925 333
10925 335
10926 330
10926 333
10926 335
10927 330
10927 333
10927 335
10928 330
10928 333
10928 335
10929 330
10929 333
10929 335
10930 330
10930 333
10930 335
10931 330
10931 333
10932 330
10932 333
10933 330
10933 333
10934 330
10935 330
10936 330
10937 330
10938 330
10939 330
10940 330
10941 330
10941 335
10942 330
10942 335
10943 330
10943 335
10944 330
10944 335
10945 330
10945 335
10946 330
10946 335
10947 330
10947 335
10948 330
10948 335
10948 338
10949 330
10949 333
10949 335
10950 330
10950 333
10950 338
10951 330
10951 333
10952 330
10952 338
10953 330
10953 338
10954 330
10954 338
10955 330
10955 338
10956 330
10956 338
10957 330
10957 335
10957 338
10958 330
10958 335
10958 338
11091 340
11092 340
11093 340
11138 342
11143 343
11147 344
11148 344
11149 344
11150 344
11151 344
11152 344
11153 344
11154 344
11155 344
11156 344
11157 344
11158 344
11159 344
11160 344
11161 344
11162 344
11163 344
11164 344
11165 344
11166 344
11167 344
11168 344
11169 344
11170 344
11171 344
11172 344
11173 344
11174 344
11175 344
11176 344
11177 344
11178 344
11179 344
11180 344
11181 344
11182 344
11183 344
11184 344
11185 344
11186 344
11187 344
11188 344
11189 344
11190 344
11191 344
11192 344
11193 344
11194 344
11195 344
11196 344
11197 344
11198 344
11199 344
11200 344
11201 344
11202 344
11203 344
11204 344
11205 344
11206 344
11207 344
11208 344
11209 344
11210 344
11211 344
11212 344
11213 344
11214 344
11215 344
11216 344
11217 344
11218 344
11219 344
11220 344
11221 344
11222 344
11223 344
11224 344
11225 344
11281 350
11282 350
11283 350
11284 350
11285 350
11286 350
11287 350
11288 350
11289 350
11290 350
11291 350
11292 350
11293 350
11294 350
11295 350
11296 350
11297 350
11298 350
11298 352
11299 350
11300 350
11329 352
11330 352
11331 352
11332 352
11333 352
11341 352
11342 352
11343 352
11344 352
11345 352
11363 354
11364 354
11365 354
11366 354
11367 354
11368 354
11369 352
11370 352
11371 352
11372 352
11373 352
11374 352
11375 352
11376 352
11377 352
11378 352
11379 352
11380 352
11381 352
11382 352
11383 352
11384 352
11385 352
11386 352
11387 352
11388 352
11389 352
11390 352
11391 352
11392 352
11393 352
11394 352
11395 352
11396 352
11397 352
11398 352
11399 352
11400 352
11401 352
11423 352
11424 352
11424 357
11425 352
11425 357
11426 352
11426 357
11427 352
11427 357
11428 352
11428 357
11428 359
11429 352
11429 357
11429 359
11430 352
11430 357
11430 359
11431 352
11431 357
11432 352
11432 357
11432 359
11433 352
11433 357
11433 359
11434 352
11434 357
11434 359
11435 352
11435 357
11436 352
11436 359
11437 352
11437 359
11438 352
11438 359
11439 352
11439 357
11439 359
11440 352
11441 352
11441 359
11442 352
11443 352
11444 352
11445 352
11445 359
11446 352
11446 359
11447 352
11448 352
11449 352
11450 352
11451 352
11452 352
11453 352
11454 352
11455 352
11456 352
11457 352
11458 352
11459 352
11460 352
11461 352
11462 352
11463 352
11464 352
11465 352
11466 352
11467 352
11468 352
11469 352
11470 352
11471 352
11472 352
11708 365
11709 365
11710 365
11711 365
11712 365
11713 365
11714 365
11715 365
11716 365
11717 365
11718 365
11719 365
11720 365
11724 366
11725 366
11726 366
11727 366
11728 366
11729 366
11730 366
11730 367
11731 365
11731 366
11731 367
11732 365
11732 366
11733 366
11733 367
11734 366
11734 367
11735 365
11735 366
11735 367
11736 365
11736 366
11737 366
11738 366
11739 365
11739 366
11740 365
11740 366
11741 365
11741 366
11742 365
11742 366
11743 365
11744 366
11745 366
11745 367
11746 366
11746 367
11747 366
11747 367
11748 366
11748 367
11749 365
11749 366
11749 367
11750 365
11750 366
11750 367
11751 365
11751 366
11751 367
11752 365
11752 366
11753 366
11753 367
11754 366
11754 367
11755 366
11756 366
11757 366
11758 365
11758 366
11759 365
11759 366
11759 367
11760 365
11760 366
11760 367
11761 365
11761 366
11762 365
11762 366
11763 366
11763 370
11764 366
11764 370
11765 366
11765 367
11765 370
11766 366
11766 367
11766 370
11767 366
11767 367
11767 370
11768 366
11768 367
11768 370
11769 366
11769 367
11769 370
11770 366
11770 367
11770 370
11771 366
11771 367
11771 370
11772 366
11772 367
11772 370
11773 366
11773 367
11773 370
11774 366
11774 367
11774 370
11775 366
11775 367
11775 370
11776 366
11776 367
11777 366
11777 370
11778 366
11779 366
11780 366
11781 366
11782 366
12355 373
12356 373
12357 373
12358 373
12360 373
12361 373
12362 373
12368 373
12369 373
12370 373
12371 373
12372 373
12373 373
12374 373
12375 373
12376 373
12377 373
12378 373
12379 373
12380 373
12381 373
12382 373
12383 373
12384 373
12385 373
12386 373
12387 373
12388 373
12389 373
12390 373
12391 373
12392 373
12393 373
12394 373
12395 373
12396 373
12397 373
12398 373
12399 373
12400 373
12401 373
12402 373
12403 373
12404 373
12405 373
12406 373
12407 373
12408 373
12409 373
12410 373
12411 373
12412 373
12413 373
12414 373
12415 373
12416 373
12417 373
12418 373
12419 373
12420 373
12421 373
12422 373
12424 373
12425 373
12426 373
12427 373
12428 373
12429 373
12430 373
12431 373
12432 373
12433 373
12434 373
12435 373
12436 373
12437 373
12441 373
12442 373
12443 373
12444 373
12445 373
12446 373
12447 373
12448 373
12448 374
12449 373
12450 374
12451 374
12452 374
12453 374
12454 374
12477 373
12478 373
12479 373
12480 373
12481 373
12482 373
12492 373
12493 373
12495 373
12496 373
12497 373
12498 373
12499 373
12499 377
12500 373
12501 373
12502 373
12504 373
12505 373
12506 373
12511 373
12512 373
12513 373
12514 373
12515 373
12516 373
12517 373
12518 373
12519 373
12520 373
12521 373
12522 373
12522 377
12523 373
12523 377
12524 373
12524 377
12525 373
12525 377
12526 373
12526 377
12527 373
12527 377
12528 373
12528 377
12529 373
12529 377
12530 373
12530 377
12531 373
12531 377
12532 373
12532 377
12533 373
12533 377
12534 373
12534 377
12535 373
12535 377
12536 373
12536 377
12537 373
12537 377
12538 373
12538 377
12539 373
12539 377
12540 373
12540 377
12541 373
12542 377
12543 377
12544 373
12544 377
12545 373
12545 377
12545 378
12546 373
12546 377
12546 378
12547 373
12547 377
12548 373
12548 378
12549 373
12549 378
12550 373
12550 378
12551 373
12551 378
12552 373
12552 378
12553 373
12553 378
12554 373
12554 378
12555 373
12555 378
12556 373
12556 378
12557 373
12557 378
12558 373
12558 378
12559 373
12559 378
12560 373
12560 378
12561 373
12561 378
12562 373
12562 378
12563 373
12563 377
12563 378
12564 373
12564 377
12564 378
12565 373
12565 377
12565 378
12566 373
12566 377
12566 378
12567 373
12567 377
12567 378
12568 373
12568 377
12568 378
12569 373
12569 377
12569 378
12570 373
12570 377
12570 378
12571 373
12571 377
12571 378
12572 373
12572 377
12572 378
12573 373
12573 377
12573 378
12574 373
12574 377
12574 378
12575 373
12575 377
12575 378
12576 373
12576 377
12576 378
12577 373
12577 377
12577 378
12578 373
12578 377
12578 378
12579 373
12579 377
12579 378
12580 373
12580 377
12580 378
12581 373
12581 377
12582 373
12582 378
12583 373
12583 378
12584 373
12584 378
12585 373
12626 379
12627 379
12628 379
12629 379
12630 379
12631 379
12632 379
12633 379
12634 379
12635 379
12636 379
12637 379
12638 379
12639 379
12640 379
12641 379
12642 379
12643 379
12644 379
12645 379
12646 379
12647 379
12648 379
12649 379
12650 379
12651 379
12652 379
12653 379
12655 379
13094 382
13095 382
13096 382
13097 382
13098 382
13099 382
13100 382
13101 382
13102 382
13103 382
13104 382
13105 382
13106 382
13107 382
13108 382
13109 382
13110 382
13111 382
13113 382
13114 382
13115 382
13116 382
13133 382
13134 382
13138 382
13139 382
13143 382
13144 382
13145 382
13146 382
13147 382
14634 385
14635 385
14636 385
14637 385
14638 385
14639 385
14640 385
14641 385
14642 385
14643 385
14644 385
14645 385
14646 385
14647 385
14648 385
14649 385
14650 385
14651 385
14652 385
14653 385
14654 385
14655 385
14656 385
14657 385
14658 385
14659 385
14660 385
14661 385
14662 385
14663 385
14664 385
14665 385
14666 385
14667 385
14668 385
14669 385
14670 385
14671 385
14672 385
14673 385
14674 385
14675 385
14676 385
14677 385
14678 385
14679 385
14680 385
14681 385
14682 385
14683 385
14684 385
14685 385
14686 385
14687 385
14688 385
14689 385
14690 385
14691 385
14692 385
14693 385
14694 385
14695 385
14696 385
14697 385
14698 385
14699 385
14700 385
14701 385
14702 385
14703 385
14704 385
14705 385
14706 385
14707 385
14708 385
14709 385
14710 385
14711 385
14712 385
14713 385
14714 385
14715 385
14716 385
14717 385
14718 385
14719 385
14720 385
14721 385
14722 385
14723 385
14724 385
14725 385
14726 385
14727 385
14728 385
14729 385
14730 385
14731 385
14732 385
14733 385
14734 385
14735 385
14736 385
14737 385
14738 385
14739 385
14740 385
14741 385
14742 385
14743 385
14744 385
14745 385
14746 385
14747 385
14748 385
14749 385
14750 385
14751 385
14752 385
14753 385
14754 385
14755 385
14756 385
14757 385
14758 385
14759 385
14760 385
14761 385
14762 385
14763 385
14764 385
14765 385
14766 385
14767 385
14768 385
14769 385
14770 385
14771 385
14772 385
14773 385
14774 385
14775 385
14776 385
14777 385
14778 385
14779 385
14780 385
14781 385
14782 385
14783 385
14784 385
14785 385
14786 385
14787 385
14788 385
14789 385
14790 385
14791 385
14792 385
14793 385
14794 385
14795 385
14796 385
14797 385
14798 385
14799 385
14800 385
14801 385
14802 385
14803 385
14804 385
14805 385
14806 385
14807 385
14808 385
14809 385
14810 385
14811 385
14812 385
14813 385
14814 385
14815 385
14816 385
14817 385
14818 385
14819 385
14820 385
14821 385
14822 385
14823 385
14824 385
14825 385
14826 385
14827 385
14828 385
14829 385
14830 385
14831 385
14832 385
14833 385
14834 385
14835 385
14836 385
14837 385
14838 385
14839 385
14840 385
14841 385
14842 385
14843 385
14844 385
14845 385
14846 385
14847 385
14848 385
14849 385
14850 385
14851 385
14852 385
14853 385
14854 385
14855 385
14856 385
14857 385
14858 385
14859 385
14860 385
14861 385
14862 385
14863 385
14864 385
14865 385
14866 385
14867 385
14868 385
14869 385
14870 385
14871 385
14872 385
14873 385
14874 385
14875 385
14876 385
14877 385
14878 385
14879 385
14880 385
14881 385
14882 385
14883 385
14884 385
14885 385
14886 385
14887 385
14888 385
14889 385
14890 385
14891 385
14892 385
14893 385
14894 385
14895 385
14896 385
14897 385
14898 385
14899 385
14900 385
14901 385
14902 385
14903 385
14904 385
14905 385
14906 385
14907 385
14908 385
14909 385
14910 385
14911 385
14912 385
14913 385
14914 385
14915 385
14916 385
14917 385
14918 385
14919 385
14920 385
14921 385
14922 385
14923 385
14924 385
14925 385
14926 385
14927 385
14928 385
14929 385
14930 385
14931 385
14932 385
14933 385
14934 385
14935 385
14936 385
14937 385
14938 385
14939 385
14940 385
14941 385
14942 385
14943 385
14944 385
14945 385
14946 385
14947 385
14948 385
14949 385
14950 385
14951 385
14952 385
14953 385
14954 385
14955 385
14956 385
14957 385
14958 385
14959 385
14960 385
14961 385
14962 385
14963 385
14964 385
14964 386
14965 385
14965 386
14966 385
14966 386
14967 385
14968 385
14969 385
14970 385
14971 385
14972 385
14973 385
14974 385
14975 385
14976 385
14977 385
14978 385
14979 385
14980 385
14981 385
14982 385
14983 385
14984 385
14985 385
14986 385
14987 385
14988 385
14989 385
14990 385
14991 385
14992 385
14993 385
14993 386
14994 385
14995 385
14995 386
14996 385
14996 386
14997 385
14997 386
14998 385
14999 385
15000 385
15001 385
15002 385
15003 385
15004 385
15005 385
15006 385
15007 385
15008 385
15009 385
15010 385
15011 385
15012 385
15013 385
15014 385
15015 385
15016 385
15017 385
15018 385
15019 385
15020 385
15021 385
15022 385
15023 385
15024 385
15025 385
15026 385
15027 385
15028 385
15029 385
15030 385
15031 385
15032 385
15033 385
15034 385
15035 385
15036 385
15037 385
15038 385
15039 385
15040 385
15041 385
15042 385
15043 385
15044 385
15044 388
15045 385
15046 385
15047 385
15048 385
15048 389
15049 385
15050 385
15050 389
15051 385
15052 385
15053 385
15054 385
15055 385
15056 385
15057 385
15058 385
15125 393
15126 393
15127 393
15128 393
15129 393
15130 393
15278 396
15278 397
15279 396
15280 396
15281 396
15282 396
15283 396
15284 396
15285 396
15286 396
15287 396
15288 396
15384 398
15385 398
15386 398
15387 398
15388 398
15389 398
15393 398
15394 398
15395 398
15396 398
15397 398
15399 398
15425 398
15426 398
15427 398
15428 398
15429 398
15430 398
15431 398
15432 398
15433 398
15435 398
15438 398
15439 398
15440 398
15441 398
15442 398
15443 398
15558 399
15559 399
15560 399
15561 399
15562 399
15563 399
15564 399
15565 399
15566 399
15728 400
15729 400
15730 400
15731 400
15732 400
15733 400
15734 400
15735 400
15736 400
15737 400
15738 400
15739 400
15740 400
15741 400
15742 400
15743 400
15744 400
15745 400
15746 400
15747 400
15748 400
15749 400
15750 400
15751 400
15752 400
15753 400
15754 400
15755 400
15756 400
15757 400
15758 400
15759 400
15760 400
15761 400
15762 400
15763 400
15764 400
15765 400
15766 400
15767 400
15768 400
15769 400
15770 400
15771 400
15772 400
15773 400
15774 400
15775 400
15776 400
15777 400
15778 400
15779 400
15780 400
15781 400
15782 400
15783 400
15784 400
15785 400
15786 400
15787 400
15788 400
15789 400
15790 400
15791 400
15792 400
15793 400
15794 400
15795 400
15796 400
15797 400
15798 400
15799 400
15800 400
15801 400
15802 400
15803 400
15804 400
15805 400
15806 400
15807 400
15808 400
15809 400
15810 400
15811 400
15812 400
15813 400
15814 400
15815 400
15816 400
15817 400
15818 400
15819 400
15820 400
15821 400
15822 400
15823 400
15824 400
15825 400
15826 400
15827 400
15828 400
15829 400
15830 400
15831 400
15832 400
15833 400
15834 400
15835 400
15836 400
15837 400
15838 400
15839 400
15840 400
15841 400
15842 400
15843 400
15844 400
15845 400
15846 400
15847 400
15848 400
15861 401
15862 401
15863 401
15864 401
15865 401
16015 403
16016 403
16017 403
16533 404
16534 404
16535 404
16536 404
16537 404
16538 404
16539 404
16545 405
16568 405
16569 405
16570 405
16571 407
16572 407
16573 407
16574 407
16575 407
16576 407
16579 407
16582 405
16583 405
16584 405
16586 405
16587 405
16588 405
16589 405
16590 405
16591 405
16592 405
16593 405
16594 405
16595 405
16596 405
16597 405
16598 405
16599 405
16600 405
16601 405
16602 405
16603 405
16604 405
16605 405
16606 405
16607 405
16608 405
16609 405
16610 405
16611 405
16612 405
16613 405
16614 405
16615 405
16616 405
16617 405
16618 405
16619 405
16620 405
16621 405
16622 405
16623 405
16624 405
16625 405
16740 408
16741 408
16742 408
16743 408
16744 408
16745 408
16746 408
16747 408
16748 408
16749 408
16750 408
16751 408
16752 408
16753 408
16754 408
16755 408
16756 408
16757 408
16758 408
16759 408
16760 408
16761 408
16762 408
16763 408
16764 408
16764 410
16765 408
16766 408
16766 410
16767 408
16768 408
16772 411
16773 411
16774 411
16775 411
16784 408
16785 408
16786 408
16787 408
16788 408
16789 412
16790 412
16791 412
16792 412
16793 412
16794 412
16795 412
16796 412
16797 412
16798 412
16799 412
16800 412
16801 412
16801 415
16802 412
16802 415
16803 412
16803 415
16804 412
16804 415
16805 412
16805 415
16806 412
16806 415
16807 412
16807 415
16808 412
16808 415
16809 412
16809 415
16810 412
16810 415
16811 412
16811 415
16812 412
16812 415
16813 412
16813 415
16814 412
16814 415
16815 412
16816 415
16817 415
16818 415
16819 415
16820 415
16821 412
16821 415
16822 412
16822 415
16823 412
16823 415
16824 412
16824 415
16825 412
16825 415
16826 412
16826 415
16827 412
16827 415
16828 412
16828 415
16829 412
16830 415
16831 415
16832 415
16833 415
16834 415
16835 415
16836 415
16837 415
16838 415
16839 415
16840 412
16840 415
16841 412
16841 415
16842 412
16842 415
16843 412
16843 415
16844 412
16844 415
16845 412
16845 415
16846 412
16846 415
16847 412
16847 415
16848 412
16848 415
16849 412
16849 415
16850 412
16850 415
16851 412
16851 415
16852 412
16852 415
16853 412
16853 415
16854 412
16854 415
16855 412
16855 415
16856 412
16856 415
16857 412
16857 415
16858 412
16859 412
16859 415
16860 412
16860 415
16861 412
16861 415
16862 412
16862 415
16863 412
16863 415
16864 412
16864 415
16865 412
16865 415
16866 412
16866 415
16867 412
16867 415
16868 412
16868 415
16869 412
16870 415
16871 415
16872 415
16873 415
16874 415
16875 415
16876 415
16877 415
16878 415
16879 415
16880 412
16880 415
16881 412
16882 412
16882 415
16883 412
16883 415
16884 412
16885 415
16886 415
16887 415
16888 415
16889 415
16890 412
16890 415
16891 412
16891 415
16892 412
16893 415
16894 412
16894 415
16895 412
16895 415
16896 412
16896 415
16897 412
16898 415
16899 415
16900 415
16901 415
16902 415
16903 415
16904 415
16905 415
16906 415
16907 415
16908 415
16909 415
16910 415
16911 415
16912 415
16913 415
16914 415
16915 415
16916 415
16917 415
16918 415
16919 415
16920 415
16921 415
16922 415
16923 415
16924 415
16925 415
16926 415
16927 415
16928 415
16929 415
16930 415
16931 415
16932 415
16933 415
16934 415
16935 415
16936 415
16937 415
16938 415
16939 415
16940 415
16941 415
16942 415
16943 415
16944 415
16945 415
16946 415
16947 415
16948 415
16949 415
16950 415
16951 415
16952 415
16953 415
16954 415
16955 415
16956 415
16957 415
16958 415
16959 415
16960 415
16961 415
16962 415
16963 415
16964 415
16965 415
16966 415
16967 415
16968 415
16969 415
16970 415
16970 421
16971 415
16971 421
16972 415
16972 421
16973 415
16973 421
16974 415
16974 421
16975 415
16975 421
16976 415
16976 421
16977 415
16977 421
16978 415
16978 421
16979 415
16979 421
16980 415
16980 421
16981 415
16981 421
16982 415
16982 421
16983 415
16983 421
16984 415
16984 421
16985 415
16985 421
16986 415
16986 421
16987 415
16987 421
16988 415
16988 421
16989 415
16989 421
16990 415
16990 421
16991 415
16991 421
16992 415
16992 421
16993 415
16993 421
16994 415
16994 421
16995 415
16995 421
16996 415
16996 421
16997 415
16997 421
16998 415
16998 421
16999 415
16999 421
17000 415
17000 421
17001 415
17001 421
17002 415
17002 421
17003 415
17004 415
17005 415
17005 421
17006 415
17006 421
17007 415
17007 421
17008 415
17009 421
17010 421
17011 421
17012 421
17013 421
17016 421
17017 421
17018 421
17019 421
17020 421
17020 423
17021 421
17021 423
17022 421
17022 423
17023 421
17024 421
17025 421
17026 421
17027 421
17028 421
17029 421
17030 421
17031 421
17032 421
17033 421
17034 421
17035 421
17036 421
17037 421
17038 421
17039 421
17040 421
17041 421
17042 421
17043 421
17044 421
17045 421
17045 424
17046 421
17046 424
17047 421
17047 424
17048 421
17048 424
17049 421
17049 424
17050 421
17050 424
17051 421
17051 424
17052 421
17052 424
17053 421
17053 424
17054 421
17055 421
17056 421
17057 421
17058 421
17059 421
17060 421
17061 421
17062 421
17063 421
17064 421
17065 421
17066 421
17067 421
17068 421
17069 421
17070 421
17071 421
17072 421
17073 421
17074 421
17075 421
17076 421
17076 424
17077 421
17077 424
17078 421
17079 421
17080 421
17080 424
17081 421
17081 424
17082 421
17082 424
17083 421
17083 424
17084 421
17085 421
17085 424
17086 421
17086 424
17087 421
17087 424
17088 421
17088 424
17089 421
17089 424
17090 421
17090 424
17091 421
17091 424
17092 421
17092 424
17093 421
17093 424
17094 421
17094 424
17094 425
17095 421
17095 424
17096 421
17096 424
17097 421
17097 424
17098 421
17099 421
17100 421
17103 425
17104 425
17104 426
17105 425
17105 426
17106 425
17106 426
17107 425
17107 426
17108 425
17108 426
17109 425
17109 426
17110 425
17110 426
17111 425
17111 426
17112 425
17112 426
17113 425
17113 426
17114 425
17114 426
17115 425
17115 426
17115 428
17116 425
17116 426
17116 428
17117 425
17117 426
17118 426
17119 426
17120 426
17121 426
17121 428
17122 426
17122 428
17123 426
17123 428
17124 426
17125 426
17126 426
17127 426
17128 426
17129 426
17130 426
17131 426
17132 426
17133 426
17134 426
17135 426
17136 426
17137 426
17138 426
17139 426
17140 426
17141 426
17142 426
17143 426
17144 426
17145 426
17146 425
17146 426
17147 425
17147 426
17148 425
17148 426
17149 425
17149 426
17150 425
17150 426
17150 430
17151 425
17151 426
17151 430
17152 425
17152 426
17152 430
17153 425
17153 426
17154 426
17154 430
17155 426
17155 430
17156 426
17156 430
17157 426
17158 426
17158 430
17159 426
17159 430
17160 426
17160 430
17161 425
17161 430
17162 425
17162 430
17163 425
17163 426
17163 430
17164 425
17164 426
17164 430
17164 432
17165 425
17165 426
17165 430
17166 425
17167 426
17168 426
17169 426
17169 430
17170 426
17170 430
17171 426
17171 430
17172 426
17172 430
17173 426
17173 430
17174 426
17174 430
17175 426
17175 430
17176 426
17177 426
17177 430
17178 426
17179 426
17180 426
17181 426
17181 430
17182 426
17182 430
17183 426
17183 430
17184 426
17184 430
17185 426
17186 426
17187 426
17188 426
17189 426
17190 426
17191 426
17192 426
17193 426
17194 426
17195 426
17196 426
17197 426
17198 426
17199 426
17200 426
17201 426
17202 426
17203 426
17204 426
17205 426
17206 426
17207 426
17208 426
17209 426
17210 426
17211 426
17212 426
17213 426
17214 426
17215 426
17216 426
17217 426
17218 426
17219 426
17220 426
17221 426
17222 426
17223 426
17224 426
17225 426
17226 426
17227 426
17228 426
17229 426
17230 426
17231 426
17232 426
17233 426
17234 426
17235 426
17236 426
17237 426
17238 426
17239 426
17240 426
17241 426
17242 426
17243 426
17244 426
17245 426
17246 426
17247 426
17248 426
17249 426
17250 426
17251 426
17252 426
17253 426
17254 426
17255 426
17256 426
17257 426
17258 426
17259 426
17260 426
17261 426
17262 426
17263 426
17264 426
17265 426
17266 426
17267 426
17268 426
17269 426
17270 426
17271 426
17272 426
17273 426
17274 426
17275 426
17276 426
17277 426
17278 426
17279 426
17280 426
17281 426
17282 426
17283 426
17284 426
17285 426
17286 426
17287 426
17287 434
17288 426
17288 434
17289 426
17289 434
17290 426
17290 434
17291 426
17291 434
17292 426
17292 434
17293 426
17293 434
17294 426
17294 434
17295 426
17295 434
17296 426
17296 434
17297 426
17297 434
17298 426
17298 434
17299 426
17299 434
17300 426
17300 434
17301 426
17301 434
17302 426
17302 434
17303 426
17303 434
17304 426
17304 434
17305 426
17305 434
17306 426
17306 434
17307 426
17308 426
17308 434
17309 426
17309 434
17310 426
17310 434
17311 426
17311 434
17312 426
17312 434
17313 426
17313 434
17313 436
17314 426
17314 434
17315 426
17315 436
17316 426
17316 434
17316 436
17317 426
17317 434
17318 426
17318 436
17319 426
17319 434
17320 434
17320 436
17321 434
17321 436
17322 434
17323 436
17324 436
17325 436
17326 436
17327 436
17328 436
17329 434
17329 436
17330 434
17330 436
17331 434
17331 436
17332 434
17332 436
17333 434
17333 436
17334 434
17334 436
17334 437
17335 434
17335 436
17335 437
17336 434
17336 436
17336 437
17336 438
17337 434
17337 436
17337 437
17337 438
17338 434
17338 436
17338 437
17338 438
17339 434
17339 436
17339 437
17339 438
17340 434
17340 436
17340 437
17340 438
17341 434
17341 436
17341 437
17342 434
17342 436
17342 437
17343 434
17343 436
17343 437
17344 434
17344 436
17344 437
17345 434
17345 436
17345 437
17345 438
17346 434
17346 436
17346 437
17347 436
17347 437
17347 438
17348 436
17348 437
17348 438
17349 436
17349 437
17349 438
17350 436
17350 437
17350 438
17351 436
17351 437
17352 437
17352 438
17353 434
17353 437
17354 434
17354 437
17355 434
17355 437
17356 434
17356 437
17357 434
17357 437
17358 437
17359 436
17359 437
17360 436
17360 438
17361 436
17361 438
17362 434
17362 436
17363 434
17363 438
17364 434
17364 438
17365 434
17365 438
17366 434
17366 438
17367 434
17367 438
17368 434
17369 434
17370 434
17371 434
17372 434
17372 436
17373 434
17373 436
17374 434
17374 436
17375 434
17375 436
17376 434
17376 436
17377 434
17378 434
17379 434
17379 436
17380 434
17380 436
17381 434
17381 436
17382 434
17382 436
17383 434
17383 436
17384 434
17384 436
17385 434
17385 436
17386 434
17386 436
17387 434
17387 436
17388 434
17388 436
17389 434
17389 436
17390 434
17390 436
17391 434
17391 436
17392 434
17392 436
17393 434
17393 436
17394 434
17394 436
17395 434
17395 436
17396 434
17397 434
17398 434
17399 434
17400 434
17401 434
17402 434
17403 434
17404 434
17405 434
17406 434
17407 434
17407 443
17408 434
17408 443
17409 434
17409 443
17410 434
17410 443
17411 434
17412 434
17413 434
17414 434
17415 436
17415 443
17416 436
17416 443
17421 443
17422 443
17423 443
17433 443
17434 443
17435 443
17436 443
17437 443
17438 443
17439 443
17440 443
17443 443
17444 443
17445 443
17446 443
17446 444
17447 443
17447 444
17448 443
17448 444
17449 443
17450 443
17451 443
17452 443
17453 443
17454 443
17455 443
17456 443
17457 443
17458 443
17466 443
17483 443
17484 443
17485 443
17486 443
17487 443
17488 443
17489 443
17490 443
17504 443
17512 443
17513 443
17514 443
17515 443
17516 443
17517 443
17518 443
17520 447
17522 443
17526 443
17544 443
17545 443
17546 443
17562 443
17563 443
17563 448
17564 443
17564 448
17573 448
17574 448
17593 443
17601 443
17604 443
17605 443
17606 443
17607 443
17609 443
17610 443
17624 454
17625 454
17626 454
17627 454
17628 454
17629 454
17630 454
17635 455
17650 457
17651 457
17652 457
17653 457
17654 457
17655 457
17656 457
17657 457
17658 457
17659 457
17660 457
17661 457
17662 457
17663 457
17664 457
17665 457
17666 457
17667 457
17668 457
17669 457
17670 457
17671 457
17672 457
17673 457
17674 457
17675 457
17676 457
17677 457
17678 457
17679 457
17680 457
17681 457
17682 457
17683 457
17684 457
17685 457
17686 457
17687 457
17688 457
17689 457
17690 457
17691 457
17692 457
17693 457
17694 457
17695 457
17696 457
17697 457
17698 457
17699 457
17700 457
17701 457
17702 457
17703 457
17704 457
17705 457
17706 457
17707 457
17708 457
17709 457
17710 457
17711 457
17712 457
17713 457
17714 457
17715 457
17716 457
17717 457
17718 457
17719 457
17720 457
17721 457
17722 457
17723 457
17724 457
17725 457
17726 457
17727 457
17728 457
17729 459
17730 459
17735 460
17736 460
17737 460
17738 460
17738 461
17739 460
17739 461
17740 460
17741 461
17742 460
17743 460
17744 460
17745 460
17746 460
17747 460
17748 460
17749 460
17750 460
17751 460
17752 460
17753 460
17754 460
17755 460
17756 460
17757 460
17758 460
17759 460
17760 460
17761 460
17762 460
17763 460
17764 464
17765 464
17766 464
17767 464
17768 464
17769 464
17770 464
17771 460
17771 464
17771 465
17772 460
17772 464
17772 465
17773 460
17773 464
17773 465
17774 460
17774 464
17774 465
17775 460
17775 464
17775 465
17776 460
17776 464
17776 465
17777 460
17777 464
17778 460
17779 465
17780 465
17781 465
17782 465
17783 465
17784 465
17785 465
17786 465
17787 465
17788 465
17789 465
17790 465
17791 465
17792 465
17793 465
17794 465
17795 465
17796 465
17797 465
17798 465
17799 465
17800 465
17801 465
17802 465
17803 465
17846 469
17847 469
17848 469
17849 469
17850 469
17851 469
17852 469
17853 469
17854 469
17855 469
17856 469
17857 469
17858 469
17859 469
17911 471
17912 471
17913 471
17913 472
17914 471
17914 472
17915 471
17921 472
17922 472
17923 472
17924 471
17925 471
17925 472
17926 471
17926 472
17927 471
17927 472
17928 471
17928 472
17929 471
17930 472
17931 472
17932 472
17933 472
17934 472
17935 472
17936 472
17937 472
17938 472
17983 473
17984 473
17985 473
17986 473
17987 473
17988 473
17989 473
17990 473
17991 473
17992 473
17993 473
17994 473
17995 473
17996 473
17996 474
17997 473
17997 474
17998 473
17998 474
17999 473
18000 474
18001 474
18002 474
18002 475
18003 474
18004 475
18005 475
18006 475
18007 475
18025 477
18026 477
18039 477
18040 477
18041 477
18042 477
18043 477
18047 479
18048 479
18049 479
18049 480
18050 479
18051 479
18052 479
18053 479
18060 477
18061 477
18062 477
18063 477
18064 477
18065 477
18066 477
18067 477
18068 477
18069 477
18070 477
18071 477
18072 477
18073 477
18074 477
18075 477
18076 477
18077 477
18078 477
18079 477
18080 477
18081 477
18086 477
18086 481
18087 477
18087 481
18088 477
18089 477
18090 477
18091 477
18092 477
18093 477
18094 477
18095 477
18096 477
18097 477
18098 477
18099 477
18100 477
18101 477
18102 477
18103 477
18104 477
18105 477
18153 483
18154 483
18155 483
18156 483
18157 483
18158 483
18159 483
18160 483
18161 483
18162 483
18163 483
18164 483
18165 483
18166 483
18167 483
18168 483
18169 483
18170 483
18170 484
18171 483
18171 484
18172 483
18173 483
18174 483
18175 483
18176 483
18177 483
18178 483
18179 483
18180 483
18181 483
18182 483
18183 483
18184 483
18198 483
18199 483
18200 483
18201 483
18202 483
18203 483
18204 483
18205 483
18206 483
18207 483
18208 483
18209 483
18210 483
18211 483
18212 483
18213 483
18214 483
18215 483
18216 483
18217 483
18218 483
18219 483
18220 483
18221 483
18222 483
18223 483
18224 483
18225 483
18226 483
18226 486
18227 483
18227 486
18228 483
18230 483
18231 483
18232 483
18233 483
18233 487
18234 483
18234 487
18235 483
18235 487
18236 483
18236 487
18237 483
18237 487
18238 483
18239 487
18240 487
18241 487
18242 487
18243 487
18244 487
18245 483
18245 487
18246 483
18246 487
18247 483
18247 487
18248 483
18249 487
18250 483
18250 487
18251 483
18251 487
18252 483
18252 487
18253 483
18253 487
18254 483
18255 487
18256 487
18257 487
18258 487
18259 487
18261 487
18262 487
18263 483
18263 487
18264 483
18264 487
18265 483
18265 487
18266 483
18267 487
18268 487
18269 487
18270 487
18271 487
18272 487
18273 487
18274 487
18275 487
18276 487
18277 487
18278 487
18279 487
18280 487
18281 487
18282 487
18283 487
18284 487
18285 487
18286 487
18287 487
18288 487
18289 487
18290 487
18291 487
18292 487
18293 483
18293 487
18294 483
18294 487
18295 483
18295 487
18296 483
18296 487
18297 483
18297 487
18298 483
18298 487
18299 483
18299 487
18300 483
18301 483
18302 483
18303 483
18304 483
18305 483
18310 483
18311 483
18312 483
18313 483
18314 483
18315 483
18316 483
18317 483
18318 483
18319 483
18320 483
18321 483
18322 483
18326 483
18332 483
18333 483
18344 488
18345 488
18346 488
18351 490
18352 490
18355 490
18360 490
18361 490
18362 490
18363 490
18364 490
18365 490
18366 490
18396 491
18397 491
18398 491
18399 491
18400 491
18401 491
18432 492
18724 493
18738 494
18739 494
18740 494
18741 495
18742 495
18960 501
18961 501
18962 501
18963 501
18964 501
18965 501
18966 501
18967 501
18968 501
18969 501
18970 501
18971 501
18972 501
18973 501
18974 501
18975 501
18976 501
18977 501
18978 501
18979 501
18980 501
18981 501
18982 501
18983 501
18984 501
18985 501
18985 502
18986 501
18986 502
18987 501
18987 502
18988 501
18989 501
18993 504
18994 504
18995 504
18996 504
18997 504
18998 504
18999 504
19000 504
19001 504
19002 504
19003 504
19004 504
19005 504
19006 504
19007 504
19008 504
19014 505
19015 505
19016 505
19017 505
19018 505
19019 505
19020 505
19021 505
19022 505
19023 505
19024 505
19025 505
19026 505
19027 505
19028 505
19029 505
19030 505
19031 505
19032 505
19033 505
19034 505
19035 505
19036 505
19037 505
19038 505
19039 505
19040 505
19041 505
19042 505
19043 505
19044 505
19044 508
19045 505
19045 508
19046 505
19046 508
19047 505
19047 508
19048 505
19048 508
19049 505
19049 508
19050 505
19050 508
19051 505
19051 508
19052 505
19052 508
19053 505
19053 508
19054 505
19054 508
19055 505
19055 508
19056 505
19057 505
19058 505
19059 505
19106 509
19107 509
19108 509
19109 509
19110 509
19111 509
19112 509
19113 509
19116 509
19261 511
19262 511
19263 511
19264 511
19265 511
19266 511
19337 512
19384 513
19391 514
19392 514
19393 514
19394 514
19395 514
19396 514
19397 514
19398 514
19399 514
19400 514
19401 514
19402 514
19403 514
19404 514
19405 514
19406 514
19407 514
19408 514
19409 514
19410 514
19411 514
19412 514
19413 514
19414 514
19415 514
19416 514
19417 514
19418 514
19419 514
19420 514
19421 514
19422 514
19423 514
19424 514
19425 514
19426 514
19427 514
19428 514
19429 514
19430 514
19431 514
19432 514
19433 514
19434 514
19435 514
19436 514
19437 514
19438 514
19461 515
19462 515
19513 516
19514 516
19515 516
19516 516
19704 518
19926 519
19927 519
19928 519
19929 519
19930 519
19931 519
19932 519
19933 519
19934 519
19935 519
19936 519
19937 519
19938 519
19939 519
19940 519
19941 519
19942 519
19943 519
19944 519
19945 519
19946 519
19947 519
19948 519
19949 519
19950 519
19951 519
19952 519
19962 519
19963 519
19964 519
19965 519
19966 519
19967 519
19968 519
19969 519
19970 519
19971 519
19972 519
19973 519
19974 519
19975 519
19976 519
19977 519
19978 519
19983 519
19984 519
19997 519
19998 519
19999 519
20000 519
20001 519
20002 519
20003 519
20004 522
20005 519
20006 519
20007 519
20008 519
20009 519
20010 519
20011 519
20012 519
20013 519
20053 524
20054 524
20055 524
20056 524
