228 1
229 1
230 1
231 1
232 1
233 1
234 1
235 1
236 1
237 1
238 1
239 1
240 1
241 1
242 1
243 1
244 1
245 1
246 1
247 1
248 1
249 1
250 1
251 1
252 1
253 1
254 1
255 1
256 1
257 1
258 1
259 1
260 1
261 1
262 1
263 1
264 1
265 1
266 1
267 1
268 1
269 1
270 1
271 1
272 1
273 1
274 1
275 1
276 1
277 1
278 1
279 1
280 1
281 1
282 1
283 1
284 1
285 1
286 1
287 1
288 1
289 1
290 1
291 1
292 1
293 1
294 1
295 1
296 1
297 1
298 1
299 1
300 1
301 1
302 1
303 1
304 1
305 1
306 1
307 1
308 1
309 1
310 1
311 1
312 1
313 1
314 1
315 1
316 1
317 1
318 1
319 1
320 1
321 1
322 1
323 1
324 1
325 1
326 1
327 1
328 1
329 1
330 1
331 1
332 1
333 1
334 1
335 1
336 1
337 1
338 1
339 1
340 1
341 1
342 1
343 1
344 1
345 1
346 1
347 1
348 1
349 1
350 1
351 1
352 1
353 1
354 1
355 1
356 1
357 1
358 1
359 1
360 1
361 1
362 1
363 1
364 1
365 1
366 1
367 1
368 1
369 1
370 1
371 1
372 1
652 2
665 2
666 2
667 2
668 2
669 2
670 2
671 2
672 2
673 2
674 2
675 2
676 2
677 2
678 2
679 2
680 2
681 2
682 2
683 2
684 2
685 2
686 2
687 2
688 2
689 2
690 2
691 2
692 2
693 2
694 2
695 2
696 2
697 2
698 2
699 2
700 2
701 2
702 2
703 2
704 2
705 2
706 2
707 2
708 2
709 2
710 2
711 2
712 2
713 2
714 2
715 2
716 2
717 2
718 2
719 2
720 2
721 2
722 2
723 2
724 2
725 2
726 2
727 2
728 2
729 2
730 2
731 2
732 2
733 2
734 2
735 2
736 2
737 2
738 2
739 2
740 2
741 2
742 2
743 2
744 2
745 2
746 2
747 2
748 2
749 2
750 2
751 2
752 2
753 2
754 2
755 2
756 2
757 2
758 2
759 2
760 2
761 2
762 2
763 2
764 2
765 2
766 2
767 2
768 2
769 2
770 2
771 2
772 2
773 2
774 2
775 2
776 2
777 2
778 2
779 2
780 2
781 2
782 2
783 2
784 2
785 2
786 2
787 2
788 2
789 2
790 2
791 2
792 2
793 2
794 2
795 2
796 2
797 2
798 2
799 2
800 2
801 2
802 2
803 2
804 2
805 2
806 2
807 2
808 2
809 2
810 2
811 2
812 2
813 2
814 2
815 2
816 2
817 2
818 2
819 2
820 2
821 2
822 2
823 2
824 2
825 2
826 2
827 2
828 2
829 2
830 2
831 2
832 2
833 2
834 2
835 2
836 2
837 2
838 2
839 2
840 2
841 2
842 2
843 2
844 2
845 2
846 2
847 2
848 2
849 2
850 2
851 2
852 2
853 2
854 2
855 2
856 2
857 2
858 2
859 2
860 2
861 2
862 2
863 2
864 2
865 2
866 2
867 2
868 2
869 2
870 2
871 2
872 2
873 2
874 2
875 2
876 2
877 2
878 2
879 2
880 2
881 2
882 2
883 2
884 2
885 2
886 2
887 2
888 2
889 2
890 2
891 2
892 2
893 2
894 2
895 2
896 2
897 2
898 2
899 2
900 2
901 2
902 2
903 2
904 2
905 2
906 2
907 2
908 2
909 2
910 2
911 2
912 2
913 2
914 2
915 2
916 2
917 2
918 2
919 2
920 2
921 2
922 2
923 2
924 2
925 2
926 2
927 2
928 2
929 2
930 2
931 2
932 2
933 2
934 2
935 2
936 2
937 2
938 2
939 2
940 2
941 2
942 2
943 2
944 2
945 2
946 2
947 2
948 2
949 2
950 2
951 2
952 2
953 2
954 2
955 2
956 2
957 2
1517 3
1518 3
1519 3
1520 3
1521 3
1522 3
1526 3
1530 3
1531 3
1532 3
1533 3
1534 3
1537 3
1538 3
1539 3
1550 3
1551 3
1552 3
1553 3
1554 3
1555 3
1556 3
1557 3
2043 4
2044 4
2045 4
2046 4
2047 4
2048 4
2049 4
2050 4
2061 4
2062 4
2687 5
2688 5
2689 5
2690 5
2691 5
2692 5
3855 6
3856 6
3857 6
3858 6
3903 7
3904 7
3905 7
3906 7
3907 7
3908 7
3909 7
3910 7
3911 7
3912 7
3913 7
3914 7
3915 7
3916 7
3917 7
3918 7
3919 7
3920 7
3921 7
3922 7
3923 7
3927 7
3928 7
3929 7
3930 7
3931 7
3932 7
3933 7
3934 7
3935 7
3936 7
3937 7
3938 7
3939 7
3940 7
3941 7
3942 7
3943 7
3944 7
3945 7
3946 7
3947 7
3948 7
3949 7
3950 7
3951 7
3952 7
3953 7
3954 7
3955 7
3956 7
3957 7
3958 7
3959 7
3960 7
3961 7
3962 7
3963 7
3964 7
3965 7
3966 7
3967 7
3968 7
3969 7
3970 7
3971 7
3972 7
3973 7
3974 7
3975 7
3976 7
3977 7
3978 7
3979 7
3980 7
3981 7
3982 7
3983 7
3984 7
3985 7
3986 7
3987 7
3988 7
3989 7
3990 7
3991 7
3992 7
3993 7
3994 7
3995 7
3996 7
3997 7
3998 7
3999 7
4000 7
4010 7
4011 7
4016 7
4017 7
4018 7
4019 7
4020 7
4021 7
4022 7
4023 7
4024 7
4304 13
4311 13
4312 13
4759 16
4760 16
4761 16
4762 16
4763 16
4764 16
5386 18
5387 18
5388 18
5389 18
5390 18
5391 18
5392 18
5393 18
5394 18
5395 18
5396 18
5397 18
5398 18
5399 18
5404 18
5405 18
5406 18
5407 18
5408 18
5409 18
5410 18
5411 18
5412 18
5413 18
5414 18
5415 18
5416 18
5417 18
5418 18
5419 18
5420 18
5420 20
5421 18
5421 20
5422 18
5423 20
5424 20
5425 20
5426 20
5427 20
5428 20
5429 20
5430 20
5431 20
5432 20
5433 20
5434 20
5435 20
5436 20
5437 20
5438 20
5439 20
5440 20
5443 20
5444 20
5445 20
5446 20
5447 20
5448 20
5449 20
5450 20
5451 20
5452 20
5453 20
5454 20
5455 20
5456 20
5457 20
5458 20
5459 20
5460 20
5461 20
5462 20
5463 20
5464 20
5465 20
5466 20
5467 20
5468 20
5469 20
5470 20
5471 20
5472 20
5547 21
5548 21
5549 21
5550 21
5551 21
5552 21
5553 21
5554 21
5555 21
5556 21
5557 21
5558 21
5559 21
5560 21
5604 22
5605 22
5606 22
5607 22
5608 22
5609 22
5610 22
5611 22
5612 22
5613 22
5614 22
5615 22
5616 22
5617 22
5618 22
5619 22
5620 22
5621 22
5622 22
5623 22
5624 22
5624 23
5625 22
5625 23
5626 22
5626 23
5627 22
5627 23
5628 22
5628 23
5629 22
5629 23
5630 22
5630 23
5631 22
5631 23
5632 22
5632 23
5633 22
5633 23
5634 22
5635 22
5636 22
5637 22
5637 23
5638 22
5639 22
5639 23
5640 22
5641 22
5642 22
5643 22
5644 22
5711 24
5712 24
5713 24
5718 24
5719 24
5720 24
5721 24
5722 24
5723 24
5724 24
5725 24
5726 24
5727 24
5728 24
5729 24
5730 24
5731 24
5732 24
5733 24
5734 24
5735 24
5736 24
5737 24
5738 24
5739 24
5740 24
5741 24
5745 24
5746 24
5747 24
5748 24
5749 24
5750 24
5751 24
5752 24
5753 24
5754 24
5755 24
5756 24
5757 24
5758 24
5759 24
5760 24
5948 27
5949 27
5950 27
5951 27
5952 27
5953 27
5954 27
5955 27
5956 27
5957 27
5958 27
5959 27
6590 28
6598 28
6599 28
6600 28
6601 28
6602 28
6603 28
6604 28
6605 28
6606 28
6607 28
6608 28
6609 28
6610 28
6611 28
6612 28
6613 28
6614 28
6615 28
6616 28
6617 28
6618 28
6619 28
6620 28
6621 28
6622 28
6623 28
6623 30
6624 28
6624 30
6625 28
6625 30
6626 28
6626 30
6627 28
6627 30
6628 28
6628 30
6629 28
6629 30
6630 28
6630 30
6631 28
6632 28
6633 28
6634 28
6634 30
6635 28
6635 30
6636 28
6636 30
6637 28
6637 30
6638 28
6638 30
6639 28
6639 30
6640 28
6640 30
6641 28
6642 28
6643 28
6644 28
6644 30
6645 28
6646 28
6646 30
6647 28
6648 28
6649 28
6650 28
6651 28
6652 28
6653 28
6654 28
6655 28
6656 28
6657 28
6658 28
6659 28
6816 32
6817 32
6818 32
6819 32
6820 32
6821 32
6822 32
6823 32
6824 32
6825 32
6826 32
6827 32
6828 32
6829 32
6830 32
6831 32
6832 32
6833 32
6834 32
6835 32
6836 32
6837 32
6838 32
6839 32
6840 32
6841 32
6842 32
6843 32
6844 32
6845 32
6846 32
6847 32
6848 32
6849 32
6850 32
6851 32
6852 32
6853 32
6854 32
6855 32
6856 32
6857 32
6858 32
6859 32
6860 32
6861 32
6862 32
6863 32
6864 32
6865 32
6866 32
6867 32
6868 32
6869 32
6870 32
6871 32
6872 32
6873 32
6874 32
6875 32
6876 32
6877 32
6878 32
6879 32
6880 32
6881 32
6882 32
6883 32
6884 32
6885 32
6886 32
6887 32
6888 32
6889 32
6890 32
6891 32
6892 32
6893 32
6894 32
6895 32
6896 32
6897 32
6898 32
6899 32
6900 32
6901 32
6902 32
6903 32
6904 32
6905 32
6906 32
6907 32
6908 32
6909 32
6910 32
6911 32
6912 32
6913 32
6914 32
6915 32
6916 32
6917 32
6918 32
6919 32
6920 32
6921 32
6922 32
6923 32
6924 32
6925 32
6926 32
6927 32
6928 32
6929 32
6930 32
6931 32
6932 32
6933 32
6934 32
6935 32
6936 32
6937 32
6938 32
6939 32
6940 32
6941 32
6942 32
6943 32
6944 32
6945 32
6946 32
6947 32
6948 32
6949 32
6950 32
6951 32
6952 32
6953 32
6954 32
6955 32
6956 32
6957 32
6958 32
6959 32
6960 32
6961 32
6962 32
6963 32
6964 32
6965 32
6966 32
6967 32
6968 32
6969 32
6970 32
6971 32
6972 32
6973 32
6974 32
6975 32
6976 32
6977 32
6978 32
6979 32
6980 32
6981 32
6982 32
6983 32
6984 32
6985 32
6986 32
6987 32
6988 32
6989 32
6990 32
6991 32
6992 32
6993 32
6994 32
6995 32
6996 32
6997 32
6998 32
6999 32
7000 32
7001 32
7002 32
7003 32
7004 32
7005 32
7006 32
7007 32
7008 32
7009 32
7010 32
7011 32
7012 32
7013 32
7014 32
7015 32
7016 32
7017 32
7018 32
7019 32
7020 32
7021 32
7022 32
7023 32
7024 32
7025 32
7026 32
7027 32
7028 32
7029 32
7030 32
7031 32
7032 32
7033 32
7034 32
7035 32
7036 32
7037 32
7038 32
7039 32
7040 32
7041 32
7042 32
7043 32
7044 32
7059 32
7060 32
7285 33
8120 34
8152 35
8153 35
8154 35
8155 35
8156 35
8157 35
8158 35
8159 35
8160 35
8161 35
8162 35
8163 35
8164 35
8165 35
8166 35
8167 35
8170 35
8171 35
8193 35
8194 35
8195 35
8196 35
8197 35
8198 35
8199 35
8200 35
8201 35
8205 35
8206 35
8207 35
8208 35
8209 35
8210 35
8211 35
8212 35
8213 35
8214 35
8215 35
8216 35
8217 35
8218 35
8219 35
8220 35
8221 35
8222 35
8223 35
8224 35
8225 35
8226 35
8227 35
8228 35
8229 35
8230 35
8231 35
8232 35
8233 35
8234 35
8235 35
8236 35
8237 35
8238 35
8239 35
8240 35
8241 35
8242 35
8243 35
8244 35
8369 36
8370 36
8371 36
8372 36
8373 36
8374 36
8375 36
8376 36
8377 36
8378 36
8379 36
8380 36
8381 36
8382 36
8383 36
8384 36
8385 36
8386 36
8387 36
8388 36
8389 36
8390 36
8391 36
8392 36
8393 36
8394 36
8395 36
8396 36
8397 36
8398 36
8399 36
8400 36
8401 36
8402 36
8403 36
8404 36
8405 36
8406 36
8407 36
8408 36
8409 36
8410 36
8411 36
8412 36
8413 36
8414 36
8415 36
8416 36
8417 36
8418 36
8419 36
8420 36
8421 36
8422 36
9837 37
11335 41
11336 41
11338 41
11339 41
11466 42
11467 42
12977 44
12978 44
12979 44
12980 44
12981 44
12982 44
12983 44
12984 44
12985 44
12986 44
12987 44
12988 44
12989 44
12990 44
12991 44
12993 44
12994 44
12995 44
12996 44
12997 44
12998 44
12999 44
13000 44
13001 44
13002 44
13003 44
13004 44
13005 44
13006 44
13007 44
13320 46
13321 46
13322 46
14271 48
14272 48
14273 48
14274 48
14275 48
14276 48
14277 48
14278 48
14279 48
14281 48
14282 48
14283 48
14284 48
14285 48
14286 48
14287 48
14288 48
14289 48
14290 48
14291 48
14292 48
14293 48
14294 48
14301 48
14302 48
14303 48
14304 48
14305 48
14306 48
14307 48
14308 48
14315 48
14316 48
14317 48
14321 48
14325 48
14326 48
14327 48
14328 48
14329 48
14330 48
14396 49
14397 49
15127 51
15128 51
15129 51
15130 51
15131 51
15132 51
15133 51
15134 51
15135 51
15136 51
15137 51
15138 51
15139 51
15140 51
15141 51
15142 51
15143 51
15144 51
15145 51
15146 51
15147 51
15148 51
15149 51
15150 51
15151 51
15152 51
15153 51
15154 51
15155 51
15156 51
15157 51
15158 51
15159 51
15160 51
15161 51
15162 51
15163 51
15164 51
15165 51
15166 51
15167 51
15168 51
15169 51
15170 51
15171 51
15172 51
15173 51
15174 51
15175 51
15176 51
15177 51
15178 51
15179 51
15180 51
15181 51
15182 51
15183 51
15184 51
15185 51
15186 51
15187 51
15188 51
15189 51
15190 51
15191 51
15192 51
15193 51
15194 51
15195 51
15196 51
15197 51
15198 51
15199 51
15200 51
15201 51
15202 51
15203 51
15204 51
15205 51
15206 51
15207 51
15208 51
15220 51
15221 51
15222 51
15230 51
15233 51
15234 51
15235 51
15236 51
15237 51
15238 51
15239 51
15240 51
15241 51
15242 51
15243 51
15244 51
15245 51
15246 51
15247 51
15248 51
15249 51
15250 51
15251 51
15252 51
15253 51
15254 51
15255 51
15256 51
15257 51
15258 51
15259 51
15260 51
15261 51
15262 51
15263 51
15264 51
15265 51
15266 51
15267 51
15268 51
15269 51
15270 51
15271 51
15272 51
15273 51
15274 51
15275 51
15276 51
15277 51
15278 51
15279 51
15280 51
15281 51
15282 51
15283 51
15284 51
15285 51
15286 51
15287 51
15288 51
15289 51
15291 51
15299 51
15300 51
15301 51
15302 51
15303 51
15304 51
15305 51
15314 51
15315 51
15317 51
15318 51
15319 51
15320 51
15321 51
15322 51
15323 51
15324 51
15325 51
15326 51
15327 51
15328 51
15329 51
15330 51
15331 51
15332 51
15333 51
15334 51
15335 51
15336 51
15337 51
15338 51
15339 51
15340 51
15341 51
15342 51
15343 51
15344 51
15345 51
15346 51
15347 51
15348 51
15349 51
15350 51
15351 51
15352 51
15353 51
15354 51
15355 51
15356 51
15357 51
15358 51
15359 51
15360 51
15361 51
15362 51
15363 51
15364 51
15423 52
15429 52
16699 55
16700 55
16701 55
16702 55
16703 55
16704 55
16705 55
16706 55
16707 55
16708 55
16709 55
16710 55
16711 55
16712 55
16713 55
17109 59
17111 59
17112 59
17127 59
17128 59
17131 59
17132 59
17133 59
17134 59
17135 59
17136 59
17137 59
17138 59
17139 59
17140 59
17141 59
17142 59
17143 59
17144 59
17145 59
17146 59
17147 59
17148 59
17149 59
17150 59
17151 59
17152 59
17153 59
17154 59
17155 59
17156 59
17157 59
17158 59
17159 59
17160 59
17161 59
17162 59
17163 59
17164 59
17165 59
17166 59
17167 59
17168 59
17169 59
17170 59
17171 59
17172 59
17173 59
17174 59
17175 59
17176 59
17177 59
17178 59
17179 59
17180 59
17181 59
17182 59
17183 59
17184 59
17185 59
17186 59
17187 59
17188 59
17189 59
17190 59
17191 59
17192 59
17193 59
17194 59
17195 59
17196 59
17197 59
17198 59
17199 59
17200 59
17201 59
17202 59
17203 59
17204 59
17205 59
17206 59
17207 59
17208 59
17209 59
17210 59
17211 59
17212 59
17213 59
17214 59
17215 59
17216 59
17217 59
17218 59
17219 59
17220 59
17221 59
17222 59
17223 59
17224 59
17225 59
17226 59
17227 59
17228 59
17229 59
17230 59
17231 59
17232 59
17233 59
17234 59
17235 59
17236 59
17237 59
17238 59
17239 59
17240 59
17241 59
17242 59
17243 59
17244 59
17245 59
17246 59
17247 59
17248 59
17249 59
17250 59
17251 59
17252 59
17253 59
17254 59
17255 59
17256 59
17257 59
17258 59
17259 59
17260 59
17261 59
17262 59
17263 59
17264 59
17265 59
17266 59
17267 59
17268 59
17269 59
17270 59
17271 59
17272 59
17273 59
17274 59
17275 59
17276 59
17277 59
17278 59
17279 59
17280 59
17281 59
17282 59
17283 59
17284 59
17285 59
17286 59
17287 59
17288 59
17289 59
17290 59
17291 59
17292 59
17293 59
17294 59
17295 59
17296 59
17297 59
17298 59
17299 59
17300 59
17301 59
17302 59
17303 59
17304 59
17305 59
17306 59
17307 59
17308 59
17309 59
17310 59
17311 59
17312 59
17313 59
17314 59
17315 59
17316 59
17317 59
17796 63
17797 63
17815 63
17818 63
17819 63
17820 63
17821 63
17822 63
17827 64
17828 64
17829 64
17832 63
17833 63
17967 66
17968 66
17972 66
18122 72
18123 72
18124 72
18125 72
18131 72
18132 72
18135 72
18146 72
18147 72
18196 73
18201 73
18203 73
18410 74
18411 74
18412 74
18413 74
18414 74
18415 74
18417 74
18418 74
18419 74
18420 74
18421 74
18459 75
18460 75
18461 75
18462 75
18463 75
18464 75
18465 75
18466 75
18467 75
18468 75
18469 75
18470 75
18471 75
18472 75
18473 75
18474 75
18475 75
18476 75
18477 75
18478 75
18479 75
18480 75
18481 75
18482 75
18512 75
18513 75
18514 75
18515 75
18516 75
18517 75
18518 75
18519 75
18520 75
18521 75
18523 75
18524 75
18525 75
18526 75
18527 75
18528 75
18529 75
18530 75
18531 75
18532 75
18533 75
18534 75
18535 75
18536 75
18537 75
18538 75
18539 75
18540 75
18541 75
18542 75
18543 75
18544 75
18546 75
18547 75
18548 75
18549 75
18550 75
18551 75
18552 75
18553 75
18554 75
18555 75
18556 75
18557 75
18558 75
18559 75
18560 75
18561 75
18562 75
18563 75
18564 75
18565 75
18566 75
18567 75
18568 75
18569 75
18570 75
18571 75
18572 75
18573 75
18574 75
18575 75
18576 75
18577 75
18578 75
18579 75
18580 75
18581 75
18582 75
18583 75
18584 75
18585 75
18586 75
18587 75
18588 75
18589 75
18590 75
18591 75
18592 75
18593 75
18594 75
18595 75
18596 75
18597 75
18598 75
18599 75
18600 75
18601 75
18602 75
18603 75
18604 75
18605 75
18606 75
18607 75
18608 75
18609 75
18610 75
18611 75
18612 75
18613 75
18614 75
18615 75
18616 75
18617 75
18618 75
18619 75
18620 75
18621 75
18622 75
18623 75
18624 75
18736 77
18737 77
18738 77
18739 77
18758 77
18759 77
18862 78
18863 78
19296 79
19297 79
19298 79
19302 79
19303 79
19304 79
19305 79
19306 79
19307 79
19308 79
19310 79
19311 79
19312 79
19613 80
19617 80
19619 80
19620 80
19622 80
19633 80
19634 80
19635 80
19637 80
19699 81
19709 81
19710 81
19711 81
19712 81
19713 81
19714 81
19715 81
19716 81
19717 81
19718 81
19719 81
19720 81
19721 81
19722 81
19723 81
19724 81
19725 81
19726 81
19727 81
19728 81
19729 81
19730 81
19731 81
19732 81
19733 81
19734 81
19735 81
19736 81
19737 81
19738 81
19739 81
19740 81
19741 81
19742 81
19743 81
19744 81
19745 81
19746 81
19747 81
19748 81
19749 81
19750 81
19751 81
19752 81
19753 81
19754 81
19755 81
19756 81
19757 81
19758 81
19759 81
19760 81
19761 81
19762 81
19763 81
19764 81
19765 81
19766 81
19767 81
19768 81
19769 81
19770 81
19771 81
19772 81
19773 81
19774 81
19775 81
19776 81
19777 81
19778 81
19779 81
19780 81
19781 81
19782 81
19783 81
19784 81
19785 81
20030 82
20031 82
20032 82
20033 82
20034 82
20035 82
20036 82
20037 82
20038 82
20039 82
20040 82
20041 82
20042 82
20043 82
20044 82
20045 82
20046 82
20047 82
20048 82
20049 82
20050 82
20051 82
20052 82
20053 82
20054 82
20055 82
20056 82
20057 82
20058 82
20059 82
20090 82
20091 82
20092 82
20093 82
